73	2735
143	2297
248	1811
377	1670
412	1634
221	1613
322	1432
16	1386
848	1260
912	1200
1054	1155
1164	1097
467	1057
1256	1056
1470	957
2252	810
984	801
2391	790
2371	776
2768	775
437	756
2400	749
957	749
1997	744
126	730
354	726
3349	721
1410	710
1304	685
4047	663
4239	662
4441	661
2126	652
2941	640
5221	632
5287	622
2770	582
2736	581
2228	572
3785	568
5948	568
6067	564
6305	562
4667	558
296	553
4402	551
3797	546
2967	532
7751	531
4678	528
5511	528
2862	524
7532	523
1865	520
800	514
310	496
3855	496
6342	496
4865	488
9111	475
9318	471
10665	469
2978	462
8173	461
8029	458
1402	457
9234	456
2877	445
4989	439
4215	435
4687	432
11915	428
1011	423
4029	421
12763	410
14502	410
3955	406
210	403
9446	401
12304	400
12830	399
3154	399
14922	398
14144	392
12934	388
289	388
14355	384
10351	383
11431	380
10071	379
12482	379
4876	377
11063	377
2317	377
17745	376
14388	375
7973	373
16524	373
15259	372
16621	370
16550	370
12764	369
4119	366
10748	365
18277	359
19370	358
16809	355
5354	352
19626	352
19031	351
17702	349
19503	347
18045	347
12443	346
19671	344
21292	343
18823	343
13554	342
8796	341
17272	341
20633	340
3842	339
3199	338
22156	337
16460	337
15098	333
16045	333
4860	332
888	332
13904	331
13358	331
14106	331
13322	330
15783	328
22975	328
7050	325
11922	325
13591	325
8568	325
19261	324
18246	324
22634	323
1035	323
16892	323
4978	321
16073	318
22320	318
11195	316
4041	312
23519	311
11135	308
22080	305
27760	305
22809	305
4400	304
27066	304
24045	303
27877	302
25181	301
10194	299
28891	299
26730	299
20528	297
23632	296
29890	296
8849	294
16581	294
28416	292
30892	291
23237	291
31536	287
24864	287
16510	286
24144	286
31380	285
29055	284
27836	284
20682	282
28084	282
2746	281
2135	281
26471	280
19579	280
31672	279
23956	277
30288	277
24468	276
33557	276
31561	275
19071	275
32094	274
16135	272
31623	272
34662	271
32345	269
34282	268
28120	268
34229	267
35841	267
30378	267
24939	266
34402	265
35446	264
28039	263
9165	263
25478	262
24615	261
36060	261
37841	261
39028	259
23222	258
25961	258
30794	257
4000	257
33690	255
36271	255
29031	255
34497	255
39404	254
40775	254
22608	253
14174	252
20159	252
20504	251
8253	251
16273	251
41779	251
18739	249
22458	248
39997	248
40774	246
31452	246
43891	245
38192	245
41738	244
40776	243
41692	242
10337	242
44677	240
41091	240
1772	240
12517	239
41416	239
25812	239
8273	238
32841	237
39315	237
37715	236
24323	235
29140	235
3671	234
27989	234
6845	234
11546	234
48263	234
31525	233
40055	233
45424	233
47727	233
41936	232
46593	232
7541	231
47780	230
48792	229
47295	229
45166	229
45032	228
23888	228
15681	227
24999	227
7659	226
36723	226
37295	224
39182	224
39397	223
32945	223
9860	223
50849	222
45021	221
53214	221
38520	220
52170	220
21942	219
44304	219
25462	219
46185	218
48638	218
19441	218
49984	217
31086	217
23686	217
45086	217
49649	216
13269	216
19222	216
48739	215
24008	215
28443	214
21033	213
19386	213
51697	212
47349	212
1623	212
44805	212
55151	212
56681	212
53476	211
50042	211
29651	211
37378	211
48148	211
53742	211
32629	210
30666	209
45041	209
22906	209
18563	208
51288	208
53505	208
27976	207
43391	207
52987	206
54415	206
37970	206
29748	206
17641	206
41798	206
55363	205
37170	205
61084	205
55918	204
39625	204
53601	203
58515	203
46509	203
33177	202
44035	202
41081	202
55180	202
34492	201
48815	200
13764	200
44557	200
56351	199
35789	199
40405	199
49801	199
43166	199
16143	198
17488	198
39191	198
41534	198
64094	197
47967	197
10032	197
46639	197
45019	196
42943	196
38263	196
42375	196
35300	196
49530	195
62654	195
55088	195
38921	194
55191	194
51792	193
60596	193
13869	193
38133	193
39037	193
59443	192
50643	192
63113	191
58006	191
48933	191
39863	191
14948	191
63022	190
56334	190
58552	190
49777	190
56325	189
52761	188
28298	188
63073	187
24525	187
7179	186
36819	186
53428	186
26131	186
72391	186
61138	186
6791	185
56776	184
59347	184
36087	184
74792	184
74111	184
57358	183
50570	183
69290	183
27236	183
49930	183
69723	182
69222	182
50623	182
33397	181
27201	181
18252	181
52438	181
23679	180
75575	180
37636	179
76462	179
67789	179
71167	179
60380	178
57001	178
23635	178
38081	178
67708	177
41323	177
46019	177
14847	177
67265	177
76341	176
77808	176
73526	175
80240	175
74478	175
77081	174
77124	174
81882	174
13081	174
43495	174
78498	173
24118	173
70438	173
82056	173
19044	172
30328	172
33013	172
41640	171
74138	170
24592	170
34664	170
71426	170
63554	170
80292	170
70554	170
72632	170
61854	169
51236	169
68967	169
59403	169
70277	169
53624	169
13115	169
69904	169
38475	168
74283	168
74343	168
86901	168
38532	168
53035	167
80103	167
80154	167
59931	167
71133	167
55138	167
72021	166
50817	166
80836	166
75820	166
41716	166
63734	166
8139	166
87944	166
27098	165
42910	164
83280	164
82754	164
60087	164
69328	164
32621	164
86536	163
84093	163
66263	163
51305	162
44634	161
64258	161
74228	161
87016	161
86171	161
82433	160
84064	160
55371	160
46106	160
74568	160
90629	160
51533	160
79974	159
91183	159
81858	159
82742	159
89624	159
87863	159
63360	159
36853	157
86879	157
40460	157
70501	157
64513	157
83156	156
64208	156
29903	156
63284	156
80646	156
96714	155
44010	155
62004	155
42025	155
78074	155
61595	155
61130	155
2820	154
46405	154
95750	154
95058	154
38934	154
63277	154
6909	154
26006	154
86707	153
74407	153
5427	153
96152	153
93289	153
37184	153
55210	153
79065	153
11160	153
32251	152
66005	152
22620	152
85064	152
78162	152
33298	152
57172	152
47626	151
68453	151
72423	151
87925	151
75507	151
99693	150
84885	150
75866	150
90407	149
8066	149
31004	149
90754	149
20331	149
78426	148
64150	148
105225	148
48070	148
3606	148
105568	148
18633	148
42793	148
94860	147
58923	147
3544	147
72947	147
107828	147
68106	147
70022	147
89905	147
106250	146
84027	146
65412	146
30313	146
62621	146
79052	146
105049	145
105124	145
77773	145
89325	145
100989	145
57517	145
79585	145
52788	145
78157	145
56817	144
79241	144
82417	144
72795	144
99784	144
77211	144
28002	144
103323	144
105636	144
70870	143
7177	143
37027	142
101905	142
91098	142
111152	142
53918	142
101306	142
38114	142
67694	141
92882	141
76266	141
48098	141
101081	141
76631	141
103458	141
76811	141
98887	140
84995	140
66067	140
95427	140
50740	140
16222	139
78501	139
102900	139
26826	139
81706	139
103345	139
18034	139
108393	139
57286	139
78564	138
56896	138
13323	138
114154	138
76165	138
47580	137
100822	137
78571	137
95885	137
4068	137
26711	137
56030	137
98159	137
25178	137
13598	137
63847	137
83628	137
101414	137
34315	137
80605	137
75687	136
105198	136
107741	136
60490	136
81913	136
109216	136
73878	136
106370	135
99087	135
94114	135
57570	135
98121	135
88752	135
54189	135
108010	135
109286	135
106936	135
107485	134
14852	134
13409	134
121464	134
96216	134
82921	134
111894	134
62409	133
121116	133
113460	133
98846	133
121211	133
13826	133
42300	133
98033	133
118864	133
92394	133
123200	133
103700	133
107315	133
77805	132
95766	132
60881	132
105493	132
2234	132
107935	132
89690	132
119018	132
80609	132
87305	132
21418	131
122331	131
31758	131
125515	131
50041	131
98104	131
110310	131
118944	131
83674	131
42027	131
30163	131
117018	130
88495	130
98776	130
117522	130
118938	130
130136	130
96539	130
58342	129
54926	129
51677	129
44382	129
47153	129
106718	129
127220	129
124671	129
98734	128
101196	128
18402	128
104774	128
111692	128
65679	128
86347	128
45284	128
60853	127
78593	127
114855	127
19787	127
120395	127
89122	127
48380	126
113421	126
108848	126
122764	126
116260	126
115048	126
98151	126
78848	126
101296	126
97359	126
85698	125
120026	125
3361	125
102422	125
47402	125
5307	125
122205	125
117088	124
109825	124
114754	124
52185	124
92407	124
103495	124
124620	124
89811	124
122186	124
93919	123
1495	123
76783	123
123556	123
121168	122
89399	122
80219	122
140757	122
85219	122
141066	122
37802	122
96344	122
112947	122
50828	121
100835	121
23992	121
61491	121
94569	121
67113	120
126674	120
121218	120
72738	120
139020	120
31581	120
19690	120
109609	120
101860	119
145229	119
140609	119
34530	119
70484	119
131467	119
63023	119
67468	119
63938	119
110957	118
53467	118
122631	118
78704	118
121338	118
95044	118
139174	118
70511	118
137920	118
133548	118
123717	117
128076	117
58434	117
68427	117
138816	117
7076	117
44271	117
122431	117
72427	117
90634	117
104983	117
119660	116
58912	116
3172	116
127046	116
85731	116
54172	116
54169	116
100246	116
147802	116
117800	116
136436	116
107292	116
118368	115
110989	115
138678	115
91194	115
62656	115
102439	115
121753	115
17397	115
30543	115
118049	115
154135	114
104049	114
135576	114
134059	114
12390	114
119932	114
125637	114
147728	114
79653	114
128959	114
16746	114
12019	114
108510	114
126476	113
125208	113
14139	113
86904	113
128591	113
116439	113
155118	113
117764	113
103741	113
155730	113
92890	112
72908	112
116092	112
72791	112
89526	112
156521	112
111371	112
121554	112
44483	112
60831	112
110626	112
12608	112
144834	112
82310	111
112098	111
138603	111
53042	111
51280	111
128194	111
132499	111
85783	111
2062	111
59952	111
48954	111
50117	111
104443	111
3260	111
160621	111
134591	111
115263	111
151852	111
109573	111
41607	110
140146	110
99819	110
161879	110
157991	110
20385	110
105475	110
134508	110
147570	110
130036	110
130068	110
34305	110
149620	110
12872	110
83083	110
2108	109
154193	109
121082	109
96788	109
152473	109
19522	109
140817	109
147549	109
10521	109
149617	109
79003	109
68331	108
104055	108
106453	108
85007	108
164172	108
21990	108
169071	108
169220	108
140074	107
126525	107
146894	107
90256	107
98971	107
106609	107
118435	107
41759	107
13131	107
94934	107
154961	107
57367	106
127996	106
150427	106
157878	106
150491	106
108728	106
161866	106
123988	106
31511	106
132593	106
137464	106
85101	106
136174	106
165003	106
128967	106
93620	106
135418	105
75741	105
156235	105
145438	105
140551	105
67281	105
64349	105
57025	105
18473	105
173192	105
113936	105
57107	105
114003	105
64051	105
171923	105
71476	104
20509	104
154420	104
159969	104
86754	104
61930	104
166609	104
144227	104
119033	104
144278	104
155178	104
111935	104
91049	103
146995	103
125516	103
119916	103
18624	103
162311	103
171186	103
174198	102
90135	102
37305	102
137248	102
131069	102
174670	102
85890	102
128238	102
126928	102
99041	102
113557	102
139083	102
156649	102
179775	102
166789	102
164832	102
10486	102
6541	102
87991	102
89865	102
128968	102
131923	102
127737	102
112206	101
179128	101
56295	101
77930	101
6565	101
184653	101
157041	101
76143	101
173680	101
153836	101
117085	100
125255	100
106404	100
91238	100
61928	100
100788	100
8127	100
182016	100
96121	100
85251	100
153359	100
123259	100
165259	100
171635	100
82282	100
15439	99
174534	99
29462	99
121213	99
128235	99
118605	99
181559	99
10585	99
169014	99
142749	99
61750	99
71992	99
59342	98
176806	98
28042	98
77196	98
91257	98
174870	98
179752	98
47227	98
97704	97
145144	97
174532	97
165989	97
150369	97
186796	97
164571	97
2504	97
171577	97
163215	97
153883	97
190717	96
132329	96
27362	96
78766	96
104441	96
166668	96
73096	96
54180	96
142756	96
195236	96
180802	96
188354	95
148677	95
154286	95
64278	95
90216	95
108262	95
195117	95
123439	95
180736	95
122134	95
79128	95
40994	95
155914	94
196036	94
130907	94
125224	94
150541	94
140390	94
84069	94
174836	94
135852	94
11655	94
189223	94
149309	94
166784	94
184726	94
166855	94
134846	94
134879	94
175962	94
186055	93
48415	93
168228	93
10957	93
179347	93
170699	93
202218	93
202475	93
123153	93
97286	93
142771	93
76820	93
148118	93
197930	93
79510	93
176132	93
130642	93
183306	93
135375	92
150355	92
176562	92
204008	92
178914	92
121067	92
89315	92
150528	92
121270	92
179388	92
164312	92
156452	92
175338	92
197228	92
171108	92
202612	92
157048	92
120671	92
198313	92
203821	91
195938	91
198613	91
170161	91
207010	91
193721	91
4264	91
170494	91
142250	91
105512	91
129909	91
67190	91
210577	91
28903	91
151365	91
78184	91
175856	91
126196	91
203272	91
212275	90
190754	90
34376	90
172431	90
201609	90
212899	90
136131	90
77397	90
175340	90
108021	90
202640	90
205351	90
149766	90
160998	90
33591	90
77520	90
104833	90
15757	90
211862	90
201191	89
141764	89
115846	89
115870	89
147028	89
69692	89
154566	89
102166	89
216264	89
105592	89
182072	89
59382	89
216483	89
151188	89
201311	88
185935	88
143564	88
61979	88
209891	88
179236	88
209888	88
166303	88
196661	88
91936	88
86902	88
162687	88
7087	88
128939	88
3524	88
195402	88
176370	88
206604	87
100781	87
156033	87
148763	87
199131	87
164225	87
159859	87
196565	87
140557	87
145604	87
90419	87
91420	87
210759	87
195121	87
208656	87
107135	87
178368	87
217837	87
221004	87
224175	86
170058	86
212484	86
154310	86
193663	86
215706	86
179441	86
202129	86
134535	86
164768	86
74605	86
184880	86
200194	86
195027	86
192258	86
141300	86
88844	86
182965	86
174017	86
155770	86
136926	85
96736	85
145185	85
94912	85
221896	85
13173	85
95038	85
89553	85
168398	85
80339	85
160601	85
194504	85
106573	85
208110	85
164968	85
158973	85
121908	85
82985	85
220493	85
60712	85
183033	85
112117	84
54464	84
188471	84
231609	84
105413	84
118695	84
34987	84
166728	84
133157	84
123172	84
223095	84
86422	84
93647	84
209590	83
212610	83
174642	83
228596	83
140900	83
182146	83
213700	83
180238	83
116605	83
197727	83
65124	83
185934	82
227689	82
74946	82
176906	82
117331	82
193935	82
70133	82
143888	82
179335	82
62076	82
95096	82
219221	82
73775	82
97082	82
111406	82
197208	82
28914	82
236076	82
211221	82
88976	82
150435	81
198649	81
201430	81
181371	81
94759	81
122487	81
210163	81
199541	81
213336	81
132877	81
179735	81
86929	81
213450	81
46216	81
194637	81
147717	81
226045	81
232562	81
153338	81
235954	81
144520	81
232929	81
54295	81
163304	81
165425	81
21051	81
126363	81
233890	81
244491	80
240909	80
221362	80
241143	80
224644	80
191115	80
163814	80
166153	80
126794	80
204504	80
135827	80
234163	80
149113	80
216053	80
238389	80
166559	80
194276	80
33443	80
199731	80
101275	80
75364	80
192119	80
239290	80
211548	80
206121	80
129438	79
209574	79
95782	79
145197	79
221402	79
88356	79
221440	79
234374	79
209842	79
30720	79
18733	79
149290	79
156937	79
87051	79
192172	79
42177	79
133329	79
97906	79
200811	79
141426	79
93761	78
115804	78
114600	78
248418	78
107530	78
158281	78
204615	78
67874	78
212913	78
225281	78
111347	78
53658	78
225420	78
222303	78
241433	78
235241	78
210529	78
189330	78
207789	78
238919	78
134588	78
127226	78
149528	78
109337	78
194861	78
253985	78
5276	78
907	78
234049	77
193360	77
132372	77
141931	77
231043	77
44312	77
181433	77
162054	77
224842	77
188274	77
138926	77
215831	77
221956	77
110150	77
156472	77
77191	77
181228	77
55120	77
100412	77
246617	77
205567	77
205748	77
221735	77
243225	77
90005	77
203757	77
259167	76
118349	76
218177	76
234135	76
234158	76
251854	76
193368	76
148889	76
140431	76
207076	76
252556	76
150932	76
238748	76
210599	76
8025	76
245883	76
110334	76
219410	76
36678	76
123037	76
133026	76
175370	76
213636	76
226049	76
242773	76
162809	76
254574	76
236869	76
254874	76
221167	75
248000	75
248072	75
248188	75
212439	75
212442	75
228036	75
188703	75
160232	75
174879	75
132207	75
252729	75
174478	75
191607	75
71720	75
231612	75
232144	75
245966	75
202455	75
232329	75
47812	75
257654	75
144530	75
232957	75
157242	75
236590	75
165359	75
178435	75
240807	74
255377	74
181170	74
201357	74
237516	74
237604	74
174465	74
58421	74
188599	74
231218	74
201693	74
234595	74
215871	74
228279	74
68446	74
135491	74
202028	74
86739	74
256620	74
168665	74
69808	74
72276	74
253599	74
205383	74
173339	74
167062	74
243596	74
157394	74
198469	73
259162	73
159705	73
185841	73
234093	73
218184	73
237691	73
154382	73
4774	73
174407	73
156352	73
110087	73
201901	73
150926	73
156608	73
162161	73
196928	73
213352	73
132949	73
166774	73
205172	73
71769	73
213640	73
265005	73
210825	73
232448	73
261186	73
72463	73
253761	73
130318	73
220176	73
49607	73
265946	73
83819	73
178865	72
119692	72
172258	72
10672	72
251944	72
157990	72
89442	72
125172	72
31165	72
53390	72
210546	72
264637	72
166127	72
238927	72
257124	72
85243	72
250047	72
192251	72
246546	72
178015	72
229640	72
236301	72
148024	72
8490	72
46324	72
187922	72
255389	71
195978	71
234251	71
67045	71
263879	71
142283	71
150957	71
216140	71
256854	71
94183	71
245845	71
219530	71
51349	71
219805	71
171433	71
223574	71
92735	71
221155	70
115810	70
231050	70
206766	70
204095	70
201230	70
6147	70
87514	70
160042	70
252664	70
124258	70
256717	70
264523	70
145816	70
38935	70
210835	70
162738	70
257358	70
57732	70
247278	70
159845	69
59831	69
196302	69
248637	69
238028	69
249015	69
152374	69
83197	69
60830	69
238886	69
207836	69
253482	69
19914	69
14680	69
139680	69
217913	69
259218	68
244459	68
259256	68
85692	68
170166	68
141969	68
133948	68
99727	68
241598	68
245136	68
244922	68
17593	68
238510	68
204737	68
249420	68
156721	68
166689	68
78111	68
25014	68
9581	68
242981	68
134992	68
41964	67
263249	67
26489	67
234307	67
183893	67
85872	67
184060	67
161989	67
97963	67
158618	67
170921	67
90501	67
3307	67
114043	67
265707	67
82971	67
250710	67
205931	67
197870	67
240049	67
8780	67
161739	66
224441	66
163839	66
165956	66
164055	66
174756	66
212858	66
111241	66
210119	66
142110	66
166540	66
225576	66
7153	66
20526	66
70507	66
197056	66
129326	66
197116	66
229026	66
184445	66
3559	66
232592	66
145765	66
89773	66
239386	66
36409	66
114298	66
208888	66
254976	66
220915	66
230506	66
259148	65
138564	65
41001	65
263302	65
241154	65
67085	65
227953	65
77891	65
199386	65
65506	65
235091	65
140638	65
118400	65
176875	65
260729	65
99934	65
45950	65
160757	65
208037	65
110425	65
82055	65
197408	65
179527	65
155279	65
178074	65
117968	65
262147	65
230552	65
84059	64
115688	64
212933	64
193664	64
59018	64
221876	64
174983	64
238460	64
260366	64
139145	64
249389	64
225593	64
12109	64
219404	64
33780	64
264807	64
168629	64
81193	64
226221	64
253993	64
246778	64
214248	64
182818	64
239984	64
203457	64
109603	64
173022	64
33914	63
41303	63
256183	63
188795	63
157944	63
100081	63
213103	63
72289	63
235078	63
140823	63
242313	63
222806	63
7035	63
257420	63
93193	63
189683	63
220219	63
266112	63
266683	63
237442	62
117078	62
152322	62
263258	62
156078	62
259878	62
55783	62
244730	62
199195	62
147368	62
207520	62
101029	62
196854	62
199577	62
199614	62
86092	62
213576	62
149607	62
217223	62
200522	62
125956	62
233489	62
151	62
243925	62
34837	62
221305	61
215409	61
46881	61
135822	61
249329	61
256639	61
10968	61
225670	61
225700	61
158687	61
242495	61
170372	61
100253	61
61108	61
211016	61
162892	61
246565	61
226436	61
266723	61
209386	60
201374	60
9975	60
104079	60
256220	60
162282	60
86730	60
235239	60
177434	60
184543	60
6624	60
164843	60
32825	60
94361	60
171248	60
53779	60
100444	60
105946	60
55249	60
195623	60
186027	59
248440	59
191064	59
234298	59
179429	59
188359	59
170694	59
256587	59
228676	59
574	59
147520	59
170948	59
245950	59
144270	59
125953	59
65695	59
5358	59
206293	59
119623	58
227594	58
215286	58
101864	58
75686	58
204298	58
150406	58
65349	58
13547	58
43668	58
260347	58
194150	58
238369	58
172886	58
112416	58
245598	58
207522	58
191669	58
213330	58
245690	58
199599	58
235656	58
192026	58
200368	58
246876	58
117969	58
220461	58
211555	58
262328	58
233512	58
167825	57
169979	57
138623	57
141897	57
259687	57
188256	57
37968	57
241828	57
81046	57
186395	57
139277	57
23880	57
202495	57
239089	57
182327	57
164870	57
117718	57
2739	57
153267	57
158958	57
134902	57
112941	57
120589	57
1014	57
250880	57
176201	57
150228	57
122278	56
212239	56
10887	56
161755	56
174313	56
99807	56
102137	56
185906	56
224598	56
162184	56
24109	56
124238	56
119723	56
140869	56
71134	56
249567	56
191904	56
67438	56
90632	56
222321	56
82883	56
213980	56
232813	56
203085	56
94513	56
157374	56
45986	55
123770	55
19030	55
109811	55
152304	55
170401	55
179397	55
172443	55
260238	55
196319	55
142258	55
47167	55
92897	55
186852	55
93283	55
41160	55
246054	55
261274	55
132971	55
197814	55
220359	55
200954	55
255497	54
263427	54
150404	54
73636	54
259818	54
221847	54
124075	54
91021	54
238295	54
210292	54
156213	54
117356	54
225189	54
104081	54
117080	54
245909	54
89652	54
1326	54
173219	54
182303	54
246052	54
18164	54
153382	54
99511	54
29568	54
87480	53
126532	53
4095	53
5607	53
147131	53
218206	53
31774	53
193511	53
78479	53
85717	53
256594	53
237558	53
95275	53
257344	53
155197	53
87103	53
233036	53
257942	53
143019	53
258489	53
105361	53
183486	52
172138	52
150430	52
114613	52
241341	52
227585	52
193901	52
53057	52
199279	52
143461	52
154158	52
142319	52
68293	52
125605	52
212595	52
10474	52
64335	52
264394	52
224795	52
179676	52
53224	52
14187	52
71781	52
6509	52
199907	52
120093	52
243608	52
2390	52
16288	52
266204	52
155736	52
251770	51
75704	51
241640	51
218768	51
196885	51
25808	51
253264	51
48575	51
260918	51
213607	51
22446	51
156552	51
192131	51
239425	51
208384	51
197893	51
237343	50
37073	50
206976	50
204187	50
255445	50
174442	50
34417	50
138849	50
172378	50
63664	50
181822	50
122616	50
249134	50
25572	50
225447	50
81821	50
10082	50
99113	50
93224	50
207683	50
177466	50
260766	50
142535	50
253389	50
261005	50
171109	50
208000	50
249825	50
192111	50
20856	50
245692	50
223128	50
122029	50
3519	50
123495	50
214730	50
198384	49
255839	49
228249	49
93959	49
260177	49
27038	49
238494	49
8876	49
158592	49
69071	49
56573	49
257357	49
222998	49
19569	49
88010	49
258051	49
110636	49
138227	49
31728	49
123725	48
255636	48
60896	48
241179	48
263575	48
241565	48
218421	48
170877	48
1929	48
179870	48
118798	48
177649	48
202237	48
207931	48
59514	48
153346	48
66214	48
182492	48
220441	48
211560	48
266091	48
163330	48
683	48
259232	47
193361	47
145403	47
157873	47
43932	47
210217	47
264102	47
212882	47
248210	47
186656	47
218285	47
70461	47
46391	47
25890	47
264723	47
180049	47
261248	47
194869	47
38585	47
161035	47
250345	47
236509	47
65914	46
215458	46
141950	46
40340	46
130797	46
65359	46
11061	46
218744	46
162212	46
23936	46
99937	46
26147	46
177478	46
45037	46
202453	46
213719	46
226016	46
146087	46
200021	46
205526	46
10530	46
150050	46
197980	46
3364	46
109775	45
186243	45
199184	45
245270	45
180961	45
237665	45
252814	45
231755	45
36653	45
66605	45
37772	45
69724	45
245985	45
229001	45
29467	45
7667	45
229448	45
264306	45
143069	45
195375	45
25593	45
263321	44
201784	44
245177	44
114740	44
102842	44
234818	44
147391	44
191217	44
191377	44
97027	44
30095	44
53989	44
44366	44
105599	44
6601	44
156674	44
191599	44
173087	44
191885	44
7669	44
202519	44
140950	44
226142	44
15565	44
5845	44
214796	44
206211	44
240584	44
240964	43
46062	43
55462	43
59856	43
204520	43
107428	43
225481	43
107384	43
122793	43
4813	43
12128	43
151093	43
127189	43
77334	43
133023	43
207891	43
144247	43
20072	43
142627	43
36129	43
87912	43
84519	43
85338	43
151732	43
3209	43
148499	42
76342	42
174351	42
240920	42
207233	42
164380	42
184272	42
28616	42
186760	42
105544	42
154215	42
47826	42
239480	42
197642	42
192640	42
236643	42
3985	42
163337	42
169957	41
172137	41
91002	41
251727	41
255602	41
179248	41
1988	41
135910	41
29080	41
27216	41
256712	41
263595	41
186949	41
213509	41
244732	41
194559	41
264888	41
187123	41
92413	41
205344	41
86191	41
205595	41
85430	41
49386	41
18394	41
218355	40
237476	40
146774	40
112178	40
142380	40
88312	40
99188	40
97189	40
110258	40
2189	40
208202	40
111541	40
12012	40
127507	40
31009	40
103595	40
81557	40
103713	40
55445	40
8464	40
259266	39
259440	39
244673	39
206938	39
218207	39
177093	39
252033	39
263903	39
172433	39
177276	39
260282	39
147508	39
175310	39
189524	39
110405	39
139149	39
167867	39
122578	39
210710	39
139598	39
185311	39
34755	39
12207	39
221360	38
251687	38
97921	38
179152	38
85711	38
191105	38
79455	38
244725	38
70242	38
118626	38
89235	38
103010	38
137778	38
112688	38
253390	38
51880	38
116380	38
88829	38
1776	38
160910	38
104314	38
10273	38
27693	38
92563	38
110309	38
182935	38
233171	38
200867	38
241050	37
133845	37
172453	37
206818	37
237425	37
15944	37
252424	37
20542	37
31188	37
116292	37
3856	37
14075	37
249812	37
30093	37
265149	37
219593	37
232510	37
168558	37
71796	37
205572	37
239700	37
133272	37
67544	37
110578	37
222915	37
198070	37
258940	37
163561	37
259345	36
248195	36
125440	36
86790	36
244875	36
206747	36
260411	36
140796	36
124240	36
245580	36
260792	36
81136	36
1760	36
257198	36
184086	36
43725	36
171265	36
243418	36
49100	36
236601	36
173396	36
250924	36
623	36
6877	36
64102	36
240591	36
92815	35
190721	35
134073	35
100078	35
134075	35
198888	35
216440	35
202347	35
4599	35
136170	35
6352	35
172739	35
265007	35
194845	35
195034	35
181527	35
257617	35
69158	35
230848	34
230991	34
109768	34
119813	34
168021	34
16877	34
231424	34
96773	34
111129	34
186029	34
145076	34
18723	34
97872	34
216125	34
54519	34
60979	34
63599	34
104246	34
137768	34
80968	34
116350	34
239072	34
253475	34
253776	34
167147	34
226559	34
47344	34
236705	34
151092	34
156934	34
190508	34
348	34
76981	34
237524	33
117131	33
105144	33
259642	33
201822	33
212912	33
241613	33
158301	33
126971	33
5179	33
251619	33
225384	33
194167	33
96083	33
24746	33
173091	33
194467	33
43422	33
242627	33
59590	33
182628	33
17370	33
195276	33
94345	33
200683	33
122108	33
814	33
176302	33
92560	33
227391	32
259502	32
176850	32
193446	32
224904	32
79986	32
256101	32
158150	32
132433	32
186627	32
249486	32
15609	32
241013	32
219527	32
155063	32
166925	32
12590	32
94870	32
102459	32
254166	32
1129	32
200457	32
236468	32
41976	32
92267	32
230927	31
4058	31
228436	31
40991	31
245416	31
10033	31
178814	31
62068	31
219270	31
2305	31
97121	31
79583	31
249782	31
9743	31
69070	31
6957	31
155104	31
53920	31
99415	31
23634	31
24347	31
119117	31
250646	31
14007	31
212424	30
147014	30
252123	30
80252	30
16774	30
40754	30
27777	30
186694	30
142009	30
160670	30
82445	30
111472	30
115889	30
196108	30
11077	30
253508	30
108067	30
41420	30
102466	30
9339	30
182142	30
159191	30
31248	30
46044	30
64707	29
37683	29
105151	29
215394	29
150453	29
115064	29
204837	29
57512	29
229015	29
52600	29
63289	29
184672	29
189521	29
142449	29
168901	29
80955	29
177059	29
124846	29
190227	29
171438	29
8477	29
83879	29
68735	29
18425	29
190718	28
148646	28
168010	28
113716	28
188903	28
140225	28
10796	28
28865	28
256460	28
40970	28
145083	28
228810	28
166593	28
196519	28
202418	28
240928	28
61100	28
242619	28
76509	28
180107	28
194795	28
177733	28
189852	28
13271	28
14088	28
75671	28
146340	28
89310	28
242436	28
39518	28
2619	28
110126	28
262872	28
9277	28
25444	27
259374	27
231277	27
23973	27
30240	27
228394	27
57869	27
255321	27
244870	27
241963	27
9533	27
228682	27
51253	27
179401	27
37661	27
11130	27
21689	27
72279	27
30580	27
101435	27
233368	27
46469	27
254715	27
4816	27
98564	27
2159	27
21723	27
203808	26
115831	26
81589	26
50065	26
36523	26
102281	26
79518	26
26349	26
72963	26
15508	26
160620	26
81102	26
189253	26
5525	26
216337	26
38549	26
253337	26
191932	26
6425	26
109147	26
20134	26
200498	26
93878	26
53726	26
218154	25
206657	25
196244	25
44052	25
148515	25
181730	25
17898	25
34763	25
30681	25
263188	25
94981	25
199648	25
264663	25
221695	25
189219	25
80791	25
55760	25
207882	25
13991	25
105694	25
34175	25
222604	25
8132	25
32576	25
115091	25
69047	25
72574	25
100801	25
37451	25
90215	25
50071	25
266489	25
180529	25
13985	25
59259	25
20834	25
6214	25
108665	24
263454	24
209469	24
140423	24
86523	24
73719	24
255948	24
16130	24
198858	24
156096	24
264531	24
38573	24
264668	24
42381	24
218297	24
260867	24
74559	24
221898	24
42065	24
44773	24
199902	24
145798	24
63025	24
142713	24
173405	24
123180	24
60652	24
17794	24
32839	24
138789	24
21384	24
14808	24
230278	24
236911	24
107300	24
258856	24
177054	24
40683	23
18783	23
7102	23
44985	23
259978	23
238153	23
18337	23
191503	23
249072	23
28500	23
76401	23
252936	23
9425	23
20495	23
245777	23
9407	23
133946	23
81092	23
81781	23
73767	23
16618	23
29567	23
107686	23
236056	23
208	23
163373	23
207224	23
14868	23
262662	23
144887	23
266649	23
217475	23
28569	23
4519	23
35088	23
114410	23
215795	22
6325	22
74935	22
193260	22
133785	22
216198	22
42662	22
76472	22
184303	22
137268	22
31155	22
98035	22
34222	22
126824	22
207729	22
145827	22
99179	22
260919	22
32688	22
131189	22
94846	22
43610	22
101396	22
123000	22
261936	22
81578	22
185440	22
20778	22
43785	22
64633	22
96225	22
125609	22
79570	22
37217	22
255480	21
137058	21
45360	21
53463	21
24112	21
137161	21
228361	21
9473	21
132852	21
216320	21
167928	21
72251	21
157949	21
135389	21
92315	21
6866	21
197037	21
37743	21
146824	21
29485	21
12006	21
75328	21
242484	21
222650	21
97187	21
116111	21
50211	21
235759	21
95924	21
206708	21
235616	21
125200	21
264757	21
144202	21
14313	21
11869	21
37630	21
1610	21
3015	21
168492	21
113530	21
5113	21
120530	21
44700	21
116913	21
32168	21
116550	21
259352	20
241035	20
206914	20
39762	20
39424	20
71076	20
134070	20
264554	20
23317	20
249479	20
197035	20
62429	20
65292	20
152623	20
43045	20
113578	20
31913	20
14102	20
228037	20
17353	20
24695	20
177973	20
14083	20
236473	20
57877	20
22028	20
73875	20
1606	20
208867	20
151223	20
163510	20
158927	20
255215	20
55678	20
86599	20
81564	19
231241	19
244681	19
129525	19
79236	19
122369	19
170786	19
157780	19
159855	19
144157	19
27160	19
24821	19
181255	19
225871	19
94940	19
176532	19
70530	19
20263	19
41452	19
257552	19
189706	19
51892	19
24127	19
202350	19
156672	19
137860	19
36162	19
23633	19
148012	19
112833	19
10269	19
230228	19
136729	19
11499	19
28325	19
15155	19
57242	19
206584	18
90288	18
168018	18
255910	18
260253	18
102133	18
78031	18
168706	18
137647	18
46043	18
35022	18
260667	18
53129	18
15100	18
97967	18
191754	18
15360	18
33774	18
263829	18
119630	18
238356	18
125158	18
113407	18
29905	18
73539	18
30474	18
245337	18
96874	18
181693	18
29629	18
47382	18
132968	18
51283	18
207679	18
67183	18
83290	18
136198	18
226034	18
248736	18
213938	18
123243	18
106399	18
6588	18
197589	18
29153	18
14744	18
3579	18
30519	18
243557	18
5918	18
10697	18
82664	18
243574	18
1317	18
34952	18
11066	18
193528	18
2364	18
259997	18
85719	18
22004	18
30182	18
56597	18
144640	18
4316	18
84366	18
22547	18
218513	18
196167	18
145527	18
209123	18
22810	18
10989	18
227662	17
48006	17
193382	17
198590	17
206537	17
48540	17
106474	17
165658	17
238304	17
209865	17
26678	17
17657	17
8847	17
30719	17
73073	17
7888	17
80212	17
5740	17
125465	17
162624	17
179840	17
213597	17
27871	17
133053	17
20297	17
162328	17
193778	17
180029	17
39408	17
105662	17
42603	17
23286	17
88371	17
54343	17
21113	17
37160	17
115808	17
33703	17
11713	17
196142	17
109830	17
261628	17
10784	17
124691	17
187777	17
93454	17
205628	17
258392	17
31130	17
83784	17
74729	17
667	17
106388	17
19775	17
242097	17
48809	17
39403	17
251103	17
110993	17
57680	17
237	17
59186	17
96870	16
215633	16
4758	16
6453	16
188652	16
260221	16
57860	16
228064	16
222124	16
4588	16
216507	16
177212	16
4212	16
98792	16
35222	16
64179	16
36803	16
6276	16
121579	16
12623	16
112243	16
234618	16
21956	16
156454	16
82373	16
60826	16
210727	16
225561	16
166096	16
188332	16
261038	16
53152	16
265228	16
63625	16
43440	16
25369	16
201829	16
5311	16
219850	16
221544	16
230784	16
94907	16
16634	16
185045	16
46594	16
250554	16
49294	16
142962	16
34422	16
7552	16
119303	16
51395	16
135053	16
3114	16
21396	16
36989	16
116426	16
47497	16
88929	16
264402	16
157897	15
186047	15
25889	15
59841	15
194041	15
129545	15
237394	15
184343	15
191645	15
149034	15
3594	15
42277	15
101154	15
170608	15
133955	15
230950	15
81793	15
242285	15
40804	15
102268	15
210618	15
128122	15
24990	15
177525	15
112658	15
53054	15
71765	15
60516	15
80163	15
93220	15
151277	15
130937	15
28847	15
113335	15
105743	15
140744	15
259426	15
172985	15
66002	15
88414	15
83451	15
166681	15
88367	15
151502	15
238537	15
133052	15
106977	15
91934	15
60356	15
66194	15
94374	15
59157	15
125223	15
158378	15
59670	15
150794	15
116193	15
32512	15
208706	15
153740	15
186835	15
196091	15
20330	15
33534	15
192407	15
38334	15
43094	15
94993	15
36160	15
129018	15
59667	15
84688	15
15280	15
14883	15
15009	15
31154	15
48491	15
102965	15
66153	15
46116	15
111889	15
193280	15
74814	15
57740	15
46632	15
87874	15
8337	15
26777	15
227626	14
2219	14
230893	14
3897	14
256110	14
37294	14
134133	14
206918	14
63665	14
52611	14
3591	14
64763	14
41957	14
99927	14
6398	14
10366	14
172355	14
210445	14
48412	14
130929	14
110270	14
110168	14
49677	14
33778	14
131408	14
52218	14
74201	14
30472	14
253036	14
2537	14
2113	14
64506	14
64815	14
215821	14
201801	14
145495	14
61447	14
153316	14
29961	14
8508	14
122871	14
28409	14
17366	14
37652	14
130301	14
167406	14
57252	14
2245	14
4583	14
24610	14
11627	14
89974	14
4556	14
75313	14
136169	14
36656	14
164258	14
253341	14
63882	14
116457	14
136359	14
18840	14
31656	14
20428	14
128585	14
65665	14
8557	14
136721	14
135255	14
68324	13
45662	13
104131	13
96707	13
4401	13
28196	13
263992	13
128419	13
56371	13
248599	13
251556	13
2008	13
204810	13
184045	13
3476	13
64254	13
37056	13
55816	13
59508	13
263080	13
125216	13
84837	13
24765	13
32045	13
165884	13
232247	13
128483	13
134339	13
85861	13
41373	13
117557	13
34950	13
40817	13
124152	13
125115	13
140915	13
247925	13
185994	13
132914	13
160355	13
51867	13
81515	13
239131	13
111478	13
19734	13
242408	13
109299	13
5817	13
4757	13
3829	13
81736	13
41823	13
220312	13
21303	13
7589	13
177933	13
179242	13
63114	13
6567	13
4296	13
254176	13
73665	13
62627	13
163205	13
91614	13
87178	13
28928	13
70645	13
133519	13
174367	13
134142	13
124025	13
74008	13
135120	13
117333	13
1565	13
6335	13
150170	13
19655	13
235320	13
64528	13
92724	13
3033	13
200819	13
123052	13
116663	13
9108	13
150057	13
180833	13
123626	13
70963	13
66185	13
164937	13
85720	12
18088	12
183514	12
228379	12
209622	12
19766	12
45329	12
58970	12
256471	12
132401	12
113329	12
22686	12
45319	12
34531	12
19138	12
24620	12
77093	12
57474	12
51338	12
19413	12
69215	12
97179	12
14768	12
194314	12
225630	12
121510	12
188726	12
207948	12
54058	12
109036	12
74547	12
134078	12
169020	12
181656	12
109081	12
38801	12
242412	12
140106	12
256931	12
26519	12
26108	12
28239	12
121035	12
64327	12
122702	12
23863	12
261284	12
54004	12
67422	12
205455	12
190697	12
85835	12
163957	12
60126	12
102323	12
229881	12
69991	12
89273	12
52137	12
86791	12
48243	12
2789	12
23416	12
27695	12
188189	12
149556	12
161348	12
153852	12
55983	12
133869	12
18904	12
11426	12
34696	12
20024	12
147491	12
19139	12
39851	12
191476	12
16348	12
241845	12
8531	12
257861	12
78972	12
29697	12
190541	12
262882	12
13552	12
19070	12
102504	12
159549	12
14850	11
138544	11
2924	11
164230	11
96992	11
34430	11
1724	11
8165	11
204107	11
176759	11
18683	11
251521	11
72098	11
128151	11
162356	11
168061	11
10964	11
7406	11
70908	11
12391	11
231958	11
116002	11
154206	11
116019	11
53982	11
222504	11
25709	11
70813	11
35291	11
64157	11
32099	11
117635	11
154853	11
43651	11
2288	11
249439	11
224898	11
17559	11
251650	11
228876	11
32723	11
137271	11
166716	11
228997	11
114433	11
16436	11
188829	11
51	11
118988	11
201606	11
235104	11
173124	11
11562	11
3075	11
90155	11
3461	11
16207	11
263149	11
121329	11
166829	11
57550	11
72165	11
46590	11
153562	11
56550	11
64891	11
113962	11
25426	11
219830	11
994	11
207861	11
55980	11
250827	11
189390	11
36622	11
58056	11
10502	11
113806	11
39481	11
71154	11
177157	11
99	11
1925	11
254718	11
27832	11
118101	11
48681	11
9613	11
15402	11
251083	11
123232	11
146188	11
52735	11
14283	11
14697	11
2594	11
61976	11
93911	11
165202	11
37669	11
263963	11
39888	11
59726	11
191328	11
43600	11
27780	11
7932	11
117283	11
233340	11
173872	11
235995	11
131583	11
20292	11
50280	11
15161	10
234280	10
247885	10
191137	10
159904	10
76403	10
163707	10
72151	10
179431	10
198721	10
53959	10
48959	10
86644	10
63711	10
231997	10
186639	10
100183	10
45710	10
98994	10
224580	10
225567	10
25948	10
179153	10
132749	10
36910	10
653	10
184255	10
78538	10
137312	10
3516	10
10412	10
215255	10
181085	10
99821	10
207510	10
168499	10
58328	10
128164	10
83256	10
126813	10
232387	10
213447	10
257065	10
113896	10
125391	10
138674	10
196040	10
66492	10
40170	10
175282	10
257171	10
132663	10
100791	10
17448	10
246389	10
44477	10
162490	10
18582	10
216923	10
20270	10
35577	10
8288	10
36899	10
35756	10
204813	10
211029	10
112299	10
34936	10
224814	10
12995	10
64718	10
195069	10
61152	10
65994	10
56333	10
248505	10
122427	10
20746	10
145125	10
202579	10
248659	10
187616	10
6512	10
216459	10
172903	10
119795	10
74611	10
263165	10
63278	10
211127	10
9940	10
85284	10
223427	10
202847	10
17922	10
225859	10
1543	10
110442	10
75374	10
74052	10
121094	10
250821	10
103642	10
131561	10
11711	10
25338	10
92337	10
218309	10
65882	10
9839	10
52357	10
230497	10
214358	10
65725	10
20226	10
86780	10
123833	10
4121	10
91423	10
32753	10
121762	10
153549	10
240291	10
121443	10
93629	10
102767	10
125889	10
141031	10
41912	9
231284	9
176951	9
191368	9
132216	9
234870	9
176856	9
133872	9
174837	9
39848	9
170114	9
39822	9
105428	9
253054	9
1055	9
42023	9
51757	9
174634	9
50015	9
17766	9
128354	9
256678	9
1767	9
251811	9
33204	9
35181	9
201638	9
100770	9
204552	9
1212	9
212476	9
45463	9
151255	9
242190	9
178665	9
49304	9
263411	9
202510	9
63186	9
238688	9
246186	9
13423	9
188648	9
6017	9
222	9
89290	9
228213	9
172618	9
137790	9
111032	9
80344	9
264740	9
192210	9
53488	9
134735	9
181640	9
130018	9
38631	9
100354	9
228583	9
193899	9
80013	9
140162	9
58137	9
16711	9
20254	9
202176	9
8592	9
105292	9
26733	9
17409	9
7917	9
73509	9
186599	9
257132	9
109422	9
109262	9
148841	9
189916	9
125646	9
76124	9
253083	9
1041	9
28728	9
136293	9
17875	9
217024	9
135394	9
48189	9
124373	9
212730	9
5834	9
559	9
228289	9
43095	9
250626	9
32284	9
90072	9
30124	9
75322	9
233099	9
79799	9
45323	9
208859	9
152982	9
261292	9
74268	9
85836	9
56317	9
168122	9
15091	9
34815	9
59228	9
93112	9
66339	9
44729	9
147371	9
161750	9
134374	9
246955	9
190365	9
42283	9
226870	9
142646	9
1143	9
67188	9
23260	9
127501	9
61540	9
7015	9
139599	9
142746	9
239988	9
154827	9
26486	9
137111	9
11211	9
230500	9
223198	9
15018	9
18117	9
43560	9
24401	9
72973	9
73355	9
264277	9
44663	9
5672	9
142	9
9043	9
31574	9
54317	9
47350	9
193001	9
60744	9
58602	9
8544	9
230486	9
69579	9
53158	9
244482	8
152366	8
128202	8
105140	8
24639	8
16522	8
145282	8
84170	8
72985	8
227737	8
34670	8
203872	8
14462	8
135602	8
118617	8
52739	8
170090	8
9450	8
96739	8
241874	8
79566	8
72134	8
81133	8
209549	8
35214	8
78509	8
82421	8
17873	8
56947	8
179854	8
161694	8
42911	8
67081	8
158689	8
149031	8
224547	8
242065	8
55111	8
131482	8
148634	8
135893	8
108710	8
57484	8
121686	8
79344	8
263414	8
64148	8
31903	8
53405	8
162684	8
106271	8
255509	8
64722	8
228516	8
181625	8
15991	8
162818	8
226154	8
107777	8
42903	8
6535	8
102980	8
219940	8
89623	8
241296	8
77777	8
144424	8
127167	8
227539	8
120137	8
45285	8
224772	8
141260	8
257536	8
104330	8
75200	8
66149	8
263996	8
55935	8
14155	8
11241	8
95119	8
129008	8
16728	8
16539	8
202619	8
105211	8
196878	8
93012	8
24604	8
14846	8
215048	8
66431	8
68577	8
182510	8
139614	8
181632	8
265696	8
11214	8
149585	8
9824	8
5896	8
46853	8
25747	8
87471	8
190160	8
202083	8
57613	8
170466	8
32362	8
262262	8
217576	8
139548	8
199865	8
229114	8
158161	8
253265	8
62716	8
6616	8
1072	8
245008	8
116664	8
90976	8
30529	8
59655	8
46890	8
16953	8
252207	8
66680	8
250601	8
227844	8
121591	8
165929	8
5269	8
218187	8
116507	8
64797	8
39338	8
103739	8
159729	8
21070	8
221514	8
1785	8
115635	8
85383	8
138407	8
143963	8
52245	8
78539	8
6218	8
26534	8
85913	8
232848	8
151010	8
69027	8
9344	8
62782	8
81782	8
22254	8
56054	8
84723	8
175057	8
70991	8
3520	8
67462	8
150376	7
154134	7
201264	7
18353	7
209411	7
90964	7
161640	7
110089	7
3531	7
25103	7
64850	7
34444	7
129769	7
256117	7
230911	7
59832	7
9098	7
3040	7
131338	7
140103	7
230647	7
1889	7
227458	7
60385	7
234560	7
86798	7
43250	7
15466	7
146670	7
49341	7
128392	7
142222	7
125134	7
113638	7
132572	7
237903	7
11358	7
97910	7
142433	7
53232	7
84256	7
70205	7
210772	7
3460	7
37956	7
160685	7
241355	7
168897	7
120097	7
33951	7
69112	7
17343	7
231197	7
225319	7
9040	7
81560	7
78756	7
63254	7
78790	7
83483	7
53233	7
196622	7
176860	7
69758	7
176835	7
174841	7
252551	7
57855	7
228418	7
43362	7
68649	7
213322	7
15612	7
152177	7
99032	7
95828	7
215868	7
11804	7
91544	7
4839	7
10618	7
66573	7
193387	7
101817	7
232068	7
72506	7
98006	7
18700	7
60835	7
40714	7
97799	7
28670	7
63596	7
94816	7
142327	7
100814	7
3767	7
227992	7
131599	7
96396	7
116684	7
204612	7
141050	7
82779	7
37468	7
95898	7
68096	7
108029	7
184230	7
100387	7
58121	7
64251	7
30863	7
21985	7
103177	7
81649	7
110198	7
131215	7
43888	7
114787	7
62452	7
147551	7
168202	7
28793	7
53673	7
252124	7
36573	7
215897	7
108169	7
109105	7
9984	7
161241	7
17813	7
107025	7
103367	7
57715	7
19225	7
3034	7
26320	7
134071	7
244883	7
159017	7
7866	7
166305	7
189263	7
256816	7
75178	7
112218	7
108999	7
67135	7
68163	7
101300	7
232158	7
226580	7
182943	7
217620	7
217689	7
12567	7
197464	7
55813	7
152765	7
254782	7
223588	7
198036	7
29239	7
209849	7
258511	7
40734	7
223613	7
27863	7
134238	7
66203	7
41719	7
247148	7
191310	7
177754	7
141427	7
28816	7
23981	7
80317	7
117304	7
1539	7
94785	7
20202	7
2648	7
130567	7
40375	7
117948	7
17104	7
258692	7
56341	7
180591	7
58030	7
15198	7
74486	7
61232	7
163294	7
247620	7
104186	7
8030	7
32147	7
87100	7
253446	7
120154	7
235324	7
132109	7
17330	6
33176	6
160141	6
41958	6
42286	6
193285	6
68364	6
252869	6
31326	6
16330	6
221420	6
241295	6
129273	6
161982	6
154284	6
34698	6
241600	6
121350	6
28802	6
167936	6
66037	6
118762	6
8005	6
221236	6
115828	6
90130	6
228723	6
213206	6
234168	6
123984	6
5181	6
186505	6
62395	6
67213	6
93066	6
75874	6
16228	6
128658	6
222458	6
154758	6
43264	6
93860	6
145514	6
147259	6
127963	6
144076	6
216408	6
193451	6
193707	6
10359	6
232251	6
12700	6
119721	6
30558	6
11659	6
114780	6
221233	6
106395	6
212630	6
177625	6
213546	6
189196	6
16315	6
140843	6
67724	6
135849	6
61339	6
38759	6
141800	6
17077	6
49206	6
44654	6
234872	6
65582	6
11133	6
34056	6
49812	6
189244	6
62613	6
78633	6
249167	6
257093	6
142291	6
237714	6
15724	6
98180	6
105409	6
215065	6
86657	6
69086	6
56352	6
90218	6
106274	6
78837	6
163870	6
58072	6
97122	6
100362	6
221877	6
42099	6
92871	6
252630	6
176667	6
39132	6
58974	6
123096	6
45395	6
52022	6
75268	6
115815	6
38507	6
47955	6
214029	6
103368	6
185905	6
24339	6
242357	6
26720	6
90712	6
131655	6
79415	6
248738	6
158542	6
104434	6
52647	6
49622	6
180469	6
231950	6
40986	6
125700	6
33025	6
111777	6
164440	6
205584	6
228435	6
67331	6
191410	6
38941	6
197453	6
75500	6
147353	6
131202	6
37654	6
185237	6
32701	6
130224	6
59598	6
24654	6
201642	6
2186	6
212635	6
69949	6
7312	6
130170	6
17465	6
211421	6
175928	6
67503	6
49875	6
138942	6
76506	6
14588	6
119038	6
70535	6
239342	6
50244	6
224767	6
121883	6
19739	6
251801	6
6848	6
182619	6
66144	6
264645	6
192467	6
237863	6
245720	6
38613	6
200628	6
38760	6
245854	6
27604	6
208732	6
82416	6
97857	6
54126	6
25835	6
118996	6
241973	6
218180	6
250768	6
2662	6
214033	6
12846	6
22240	6
159237	6
35267	6
162873	6
99945	6
198205	6
112537	6
114242	6
99598	6
196784	6
40332	6
158530	6
225336	6
75795	6
3378	6
156717	6
5637	6
118065	6
168554	6
228732	6
2306	6
130151	6
258761	6
32457	6
145298	6
234784	6
41793	6
59207	6
202679	6
60483	6
9828	6
191021	6
137293	6
13052	6
931	6
1515	6
211822	6
225853	6
180503	6
144607	6
103068	6
96256	6
132702	6
1986	6
96490	6
168732	6
11126	6
103294	6
204317	6
158477	6
49270	6
116220	6
165569	6
152892	6
141134	6
123576	6
114867	6
27876	6
10272	6
7472	6
17534	6
367	6
266872	6
157322	6
69859	6
59945	6
108228	6
224068	6
205493	6
232692	6
230471	6
56682	6
39982	6
230447	6
156790	6
79764	6
158264	6
105017	6
64785	5
131057	5
228203	5
154542	5
84846	5
191148	5
157906	5
256533	5
227644	5
47709	5
251819	5
215491	5
20898	5
221243	5
174330	5
185860	5
46565	5
120018	5
154491	5
46834	5
115859	5
199338	5
38493	5
147016	5
252834	5
105345	5
128003	5
188846	5
248008	5
113797	5
206711	5
55820	5
19970	5
259679	5
22136	5
238174	5
14142	5
6684	5
35727	5
148584	5
19532	5
225014	5
235131	5
209910	5
259344	5
40672	5
64777	5
128437	5
165747	5
241579	5
23268	5
80083	5
119603	5
125237	5
145128	5
59384	5
21029	5
88567	5
176980	5
68970	5
9968	5
46193	5
102205	5
42367	5
67943	5
158725	5
87461	5
49385	5
60868	5
207753	5
9992	5
145621	5
248786	5
264087	5
150792	5
58066	5
42376	5
23976	5
13237	5
263241	5
176658	5
20908	5
71783	5
87662	5
81091	5
5704	5
132659	5
123122	5
160807	5
238516	5
15778	5
109263	5
70508	5
94064	5
35748	5
84066	5
8291	5
213742	5
228195	5
228378	5
82525	5
15610	5
98081	5
210545	5
30252	5
7449	5
174401	5
26481	5
249901	5
49708	5
197307	5
20648	5
101040	5
160248	5
194063	5
166588	5
137679	5
68527	5
41747	5
229166	5
35285	5
38208	5
44288	5
181971	5
18792	5
32357	5
201824	5
194227	5
253680	5
201963	5
51362	5
58561	5
79724	5
121831	5
157822	5
245774	5
565	5
192362	5
147114	5
232815	5
4275	5
246344	5
128089	5
61866	5
46186	5
145852	5
95074	5
128905	5
93870	5
34438	5
177623	5
6704	5
23110	5
259776	5
110500	5
149553	5
126906	5
36008	5
202714	5
35235	5
189289	5
231231	5
145158	5
19660	5
135994	5
223009	5
138478	5
13265	5
98393	5
20004	5
204831	5
83443	5
218233	5
46581	5
124310	5
79760	5
30586	5
165849	5
6706	5
81552	5
156505	5
138006	5
29623	5
51184	5
67381	5
103213	5
77531	5
71908	5
89437	5
66930	5
221688	5
14263	5
159273	5
137890	5
95981	5
50009	5
239753	5
36546	5
223579	5
8864	5
70381	5
41866	5
56822	5
21648	5
63226	5
144109	5
78025	5
165146	5
144352	5
6838	5
70374	5
49328	5
102233	5
217392	5
73080	5
40697	5
187717	5
176018	5
226779	5
168230	5
107349	5
4033	5
19837	5
175253	5
100836	5
147151	5
39497	5
259959	5
263240	5
158554	5
87271	5
26192	5
38862	5
219866	5
2445	5
51308	5
98255	5
263877	5
112332	5
161774	5
71688	5
64648	5
32609	5
235756	5
254604	5
37622	5
24959	5
11861	5
6225	5
4974	5
100512	5
81545	5
137391	5
61623	5
59037	5
198041	5
248025	5
101611	5
23879	5
41768	5
87417	5
188720	5
248703	5
128708	5
242034	5
27125	5
145864	5
36556	5
153517	5
188839	5
25828	5
539	5
65071	5
87528	5
30043	5
26635	5
123164	5
13782	5
21581	5
28574	5
84539	5
229602	5
5842	5
99296	5
155208	5
260971	5
43211	5
177633	5
115323	5
244623	5
58606	5
158503	5
54439	5
131220	5
93811	5
256852	5
266133	5
75779	5
256716	5
161495	5
210876	5
24332	5
32712	5
116759	5
198581	5
99047	5
140811	5
151942	5
39425	5
33924	5
55176	5
71149	5
82438	5
76383	5
89986	5
105986	5
69937	5
1036	5
3749	5
233852	5
63537	5
81894	5
56423	5
166933	5
53751	5
204751	5
4945	5
225585	5
63698	5
158166	5
214174	5
116503	5
44808	5
40567	5
107522	5
74835	5
19509	5
144467	5
239182	5
3770	5
10728	5
4330	5
81809	5
219257	5
250423	5
118020	5
171940	5
101407	5
163384	5
125972	5
7114	5
37270	5
166749	5
16072	5
6833	5
29353	5
262380	5
96043	5
171701	5
37642	4
191038	4
154380	4
99993	4
222026	4
156028	4
252594	4
263711	4
130887	4
230783	4
5575	4
49244	4
16136	4
63777	4
112116	4
204653	4
108641	4
99127	4
251884	4
264130	4
172527	4
224508	4
218424	4
263361	4
138664	4
230910	4
152815	4
109150	4
22948	4
82544	4
19143	4
57902	4
54985	4
215117	4
82783	4
177075	4
196147	4
244450	4
124218	4
222575	4
4857	4
166576	4
87656	4
55	4
129899	4
241343	4
146937	4
85750	4
17161	4
251680	4
256864	4
20143	4
204332	4
140462	4
173062	4
8719	4
260176	4
179770	4
238687	4
132643	4
121036	4
120331	4
252402	4
60874	4
135607	4
36666	4
263359	4
131154	4
225622	4
18615	4
145434	4
5163	4
161722	4
207400	4
6771	4
86575	4
54497	4
24274	4
126616	4
27846	4
237627	4
263876	4
84205	4
218228	4
245308	4
86686	4
87432	4
193353	4
255897	4
135470	4
86882	4
13553	4
72842	4
65	4
248122	4
209517	4
24469	4
105138	4
265093	4
21565	4
39164	4
125790	4
118788	4
147737	4
75196	4
47994	4
249107	4
75191	4
54592	4
224510	4
6712	4
166827	4
129520	4
248949	4
35055	4
58964	4
191501	4
222843	4
96774	4
22232	4
25471	4
164228	4
50167	4
158286	4
186798	4
172752	4
135763	4
101790	4
305	4
51326	4
74294	4
76785	4
207038	4
150960	4
107733	4
56873	4
112433	4
5812	4
70218	4
97962	4
101126	4
89759	4
27006	4
225002	4
113545	4
54685	4
117693	4
213881	4
69067	4
19998	4
15045	4
74465	4
52571	4
227601	4
249710	4
242879	4
212492	4
142344	4
176558	4
57897	4
102921	4
229185	4
22775	4
249967	4
14191	4
132870	4
67776	4
251747	4
176732	4
75016	4
137275	4
22014	4
121378	4
170728	4
112630	4
86782	4
143437	4
30761	4
3016	4
152376	4
140663	4
76882	4
107616	4
104127	4
210376	4
145213	4
1813	4
6958	4
216005	4
92324	4
104465	4
69059	4
99797	4
50931	4
145645	4
241877	4
33945	4
3322	4
245353	4
98367	4
116548	4
62467	4
105532	4
199289	4
242829	4
228962	4
50376	4
49787	4
48489	4
143454	4
142400	4
63708	4
191390	4
113634	4
94331	4
194362	4
1638	4
16683	4
69693	4
81245	4
130270	4
20562	4
110001	4
65007	4
3258	4
151218	4
186719	4
49107	4
191758	4
52599	4
260485	4
260302	4
66738	4
59577	4
22868	4
141780	4
165335	4
196855	4
13494	4
55377	4
94741	4
98898	4
194446	4
125785	4
164432	4
37113	4
175974	4
57047	4
221865	4
234933	4
223576	4
83501	4
103716	4
117447	4
37093	4
45742	4
48262	4
124858	4
129960	4
6035	4
142099	4
248766	4
65322	4
252158	4
239820	4
159779	4
210514	4
106294	4
219024	4
16918	4
19169	4
219261	4
76837	4
65418	4
100200	4
38839	4
204693	4
182771	4
222282	4
125274	4
208823	4
69282	4
11198	4
261191	4
16914	4
86177	4
103476	4
143416	4
155521	4
87774	4
199873	4
60425	4
124435	4
150378	4
233346	4
50298	4
87290	4
185431	4
208499	4
65991	4
254478	4
177862	4
149128	4
101410	4
47978	4
53015	4
222419	4
252686	4
148278	4
21911	4
95481	4
18458	4
15283	4
151553	4
20329	4
80837	4
60860	4
111792	4
36484	4
152698	4
248039	4
98797	4
239225	4
171015	4
133878	4
48965	4
136132	4
34904	4
39911	4
58245	4
44003	4
157552	4
21189	4
137027	4
82435	4
114365	4
61703	4
108942	4
4641	4
39482	4
227011	4
48138	4
217776	4
135848	4
55090	4
21508	4
194907	4
72772	4
183079	4
50954	4
301	4
213495	4
205035	4
16464	4
42532	4
107943	4
164056	4
170726	4
28415	4
48045	4
139852	4
150061	4
174477	4
175089	4
49811	4
3088	4
70540	4
212502	4
22522	4
36811	4
46647	4
95708	4
113841	4
45486	4
76423	4
265152	4
190268	4
83062	4
122882	4
200225	4
87546	4
258952	4
225505	4
37762	4
60315	4
250600	4
227324	4
877	4
26096	4
25765	4
15754	4
3329	4
62825	4
89397	4
257406	4
157526	4
144708	4
10742	4
112545	4
207160	4
141948	4
3010	4
178586	4
33411	4
13195	4
88187	4
22089	4
37719	4
13569	4
220688	4
231101	4
69539	4
48968	4
76755	4
112719	4
25915	4
932	4
216786	4
15538	4
8239	4
1589	4
81803	4
39621	4
111851	4
256825	4
157935	4
52471	4
240452	4
93161	4
37959	4
81441	4
42404	4
149659	4
128748	4
82857	4
206270	4
259199	4
211559	4
10118	4
230286	4
134857	4
43925	4
81715	4
201793	4
252015	3
29221	3
1661	3
12063	3
248575	3
193804	3
227979	3
113288	3
80981	3
1905	3
177069	3
237396	3
14449	3
65851	3
132331	3
142091	3
91094	3
85992	3
160417	3
15600	3
245013	3
77238	3
255829	3
104096	3
135730	3
201922	3
26643	3
52202	3
39747	3
31545	3
46054	3
63215	3
105621	3
189286	3
89278	3
56775	3
237799	3
23344	3
185835	3
131181	3
10134	3
107920	3
126962	3
50529	3
3875	3
95621	3
259366	3
52477	3
209500	3
138920	3
255515	3
238766	3
92835	3
177190	3
47406	3
4961	3
51666	3
263658	3
126862	3
143428	3
263117	3
106374	3
170128	3
224731	3
68255	3
89343	3
122599	3
255730	3
112081	3
55916	3
188858	3
66602	3
16224	3
57906	3
14054	3
168393	3
227823	3
241243	3
210446	3
37947	3
100104	3
260180	3
147408	3
93822	3
252477	3
80738	3
129907	3
75850	3
196157	3
80031	3
123838	3
225036	3
248812	3
42296	3
171081	3
201318	3
259156	3
50153	3
260573	3
171047	3
189442	3
132727	3
245882	3
27026	3
65471	3
147475	3
183947	3
196328	3
116356	3
77886	3
118707	3
219	3
147089	3
137610	3
4899	3
206729	3
166073	3
128651	3
135646	3
253626	3
56839	3
4349	3
54148	3
248342	3
156944	3
228917	3
37134	3
39204	3
184767	3
113228	3
164433	3
53566	3
161571	3
126559	3
191219	3
42289	3
218198	3
30723	3
38792	3
45124	3
249880	3
59331	3
257004	3
115796	3
31353	3
17486	3
91495	3
8946	3
32698	3
137571	3
17079	3
102145	3
235057	3
61510	3
148994	3
253326	3
170467	3
138930	3
19618	3
40686	3
65821	3
255893	3
41331	3
92983	3
105126	3
49005	3
87974	3
231258	3
206591	3
246071	3
68337	3
68308	3
162804	3
65868	3
60597	3
212677	3
260475	3
93340	3
248547	3
237393	3
145517	3
20780	3
19738	3
3500	3
115814	3
29359	3
28302	3
183863	3
6524	3
38070	3
21427	3
74296	3
185065	3
194052	3
71224	3
135698	3
31177	3
23886	3
2493	3
114108	3
69118	3
216104	3
69701	3
210931	3
153174	3
78549	3
255933	3
131248	3
167772	3
47995	3
196249	3
21196	3
66059	3
187291	3
113980	3
151707	3
198950	3
82134	3
244610	3
162734	3
62653	3
216193	3
7524	3
257584	3
27115	3
168344	3
252880	3
5019	3
18232	3
16586	3
53041	3
32088	3
11226	3
228218	3
170288	3
37538	3
212400	3
26548	3
219105	3
133378	3
250630	3
228170	3
91324	3
81909	3
79786	3
104122	3
193765	3
42055	3
152337	3
3525	3
202296	3
92855	3
84206	3
25138	3
9464	3
120368	3
95308	3
5136	3
119639	3
123604	3
81278	3
241719	3
114744	3
177295	3
2674	3
228132	3
112534	3
74947	3
222706	3
45127	3
93849	3
115083	3
136312	3
143047	3
81946	3
63169	3
256374	3
211044	3
111355	3
221356	3
250233	3
29131	3
32755	3
254261	3
39837	3
31556	3
81247	3
200115	3
152602	3
165059	3
89396	3
216262	3
192212	3
41733	3
87541	3
224430	3
90404	3
154220	3
210285	3
150252	3
30422	3
103184	3
79277	3
31236	3
50440	3
215433	3
245899	3
88781	3
46245	3
197200	3
158312	3
116398	3
156684	3
94130	3
47982	3
156307	3
9432	3
71570	3
63605	3
246588	3
152817	3
144313	3
249694	3
49769	3
53267	3
182617	3
190210	3
58716	3
239800	3
175195	3
239610	3
90114	3
213197	3
5178	3
128861	3
185025	3
77849	3
192106	3
170979	3
191150	3
98263	3
205446	3
32057	3
114137	3
74191	3
120682	3
84931	3
42324	3
170791	3
8104	3
9886	3
7223	3
156465	3
193642	3
28278	3
164485	3
248538	3
24649	3
47374	3
27011	3
129617	3
179790	3
60435	3
102168	3
51472	3
219897	3
27689	3
154844	3
52667	3
118878	3
185474	3
124405	3
145491	3
144772	3
41969	3
235861	3
153802	3
221678	3
49268	3
234523	3
207710	3
245685	3
229651	3
38667	3
88750	3
186204	3
92197	3
76173	3
202128	3
82855	3
151628	3
162197	3
224475	3
110980	3
255673	3
222114	3
237319	3
261150	3
257650	3
68985	3
127342	3
20657	3
61526	3
165892	3
163390	3
254845	3
133204	3
127038	3
234826	3
26594	3
200077	3
195513	3
50821	3
204126	3
189094	3
237856	3
252393	3
213860	3
138000	3
123795	3
193651	3
42965	3
144088	3
68789	3
93023	3
125125	3
234675	3
46476	3
194140	3
85104	3
130882	3
16615	3
191900	3
143073	3
21226	3
253650	3
190037	3
9081	3
5137	3
4157	3
111164	3
69099	3
13079	3
83893	3
213216	3
48594	3
117417	3
126060	3
1792	3
156493	3
252606	3
60224	3
158433	3
4445	3
20609	3
199976	3
181986	3
161653	3
235813	3
38225	3
8859	3
14598	3
6165	3
23865	3
260344	3
77270	3
195420	3
53448	3
36346	3
75125	3
118999	3
252742	3
152820	3
181814	3
193904	3
133820	3
93784	3
230696	3
252222	3
71234	3
37379	3
166503	3
61959	3
240727	3
14464	3
55895	3
79584	3
188872	3
39524	3
153921	3
65019	3
30950	3
246645	3
224787	3
85138	3
208358	3
148601	3
80783	3
169682	3
127346	3
186987	3
66750	3
14048	3
257574	3
62333	3
137728	3
27723	3
103602	3
32617	3
135559	3
154084	3
42205	3
43649	3
99919	3
205920	3
101107	3
91307	3
49021	3
237093	3
214783	3
226472	3
254467	3
57556	3
87021	3
143414	3
150854	3
228196	3
4284	3
244366	3
112122	3
107286	3
209007	3
19743	3
18896	3
84102	3
55707	3
262256	3
134327	3
241203	3
64973	3
44727	3
49215	3
50613	3
202186	3
177162	3
22116	3
140783	3
143842	3
99461	3
192149	3
253292	3
248182	3
78648	3
131701	3
205848	3
200189	3
220746	3
40458	3
61768	3
264171	3
45716	3
41456	3
114359	3
26400	3
5922	3
209092	3
6931	3
127748	3
45563	3
31374	3
28718	3
77534	3
78361	3
88851	3
187987	3
63001	3
76658	3
29712	3
233720	3
250350	3
38966	3
255185	3
54278	3
13870	3
188557	3
115125	3
94537	3
15977	3
78929	3
21230	3
13191	3
155524	3
4161	3
17679	3
60709	3
108014	3
20178	3
85303	3
50699	3
219912	3
238937	3
179379	3
110675	3
181956	3
11322	3
58094	3
62715	3
43100	3
27367	3
120215	3
40144	3
155448	3
85679	3
200988	3
1849	3
66015	3
207403	3
48821	3
32306	3
74083	3
83717	3
12658	3
66280	3
251131	3
196345	3
68517	3
39947	3
65268	3
99687	2
8374	2
198502	2
564	2
670	2
31575	2
212475	2
165752	2
74332	2
224360	2
3183	2
125409	2
259378	2
94976	2
183555	2
107422	2
21538	2
50943	2
15106	2
15802	2
68349	2
163663	2
129408	2
66578	2
125278	2
7137	2
256499	2
195971	2
122353	2
148604	2
145580	2
199158	2
11351	2
45627	2
125514	2
231894	2
114523	2
25600	2
240750	2
29230	2
62544	2
118660	2
135955	2
3404	2
30694	2
189198	2
70210	2
40751	2
138917	2
30538	2
101183	2
156689	2
1154	2
179150	2
207692	2
29083	2
46018	2
48859	2
181863	2
29423	2
191154	2
132478	2
126626	2
216136	2
183544	2
76653	2
21812	2
98903	2
87780	2
199363	2
22633	2
237480	2
186242	2
26512	2
168648	2
202355	2
252225	2
166433	2
56464	2
29500	2
118711	2
103934	2
204188	2
96016	2
249184	2
5499	2
174553	2
22508	2
87665	2
79397	2
140217	2
92278	2
19526	2
185968	2
137265	2
234813	2
207183	2
132349	2
5560	2
37629	2
61497	2
228169	2
187027	2
51594	2
19887	2
215513	2
87619	2
78640	2
168366	2
119680	2
137536	2
45643	2
103172	2
156282	2
140858	2
190815	2
237781	2
35822	2
190787	2
42011	2
32984	2
116325	2
141960	2
168074	2
25623	2
9773	2
56364	2
246060	2
52273	2
96888	2
188346	2
42348	2
244524	2
148879	2
120015	2
42050	2
50818	2
26321	2
263617	2
54018	2
25453	2
90427	2
199130	2
58082	2
118450	2
181550	2
241373	2
41067	2
50233	2
168885	2
139130	2
231904	2
59283	2
209970	2
142399	2
235157	2
260638	2
166324	2
141934	2
240910	2
36834	2
45410	2
252683	2
139401	2
204325	2
215356	2
215707	2
28005	2
224739	2
122390	2
207402	2
26497	2
76625	2
234071	2
144130	2
11029	2
181913	2
115820	2
143442	2
199714	2
122704	2
227524	2
230874	2
53985	2
139116	2
229228	2
242741	2
261170	2
90502	2
24665	2
132634	2
125732	2
238487	2
65883	2
23133	2
210248	2
94052	2
28479	2
56036	2
118515	2
179812	2
230900	2
134276	2
104664	2
241965	2
17063	2
201607	2
140541	2
38535	2
179478	2
261190	2
118818	2
198959	2
86654	2
237561	2
113523	2
160214	2
60349	2
248569	2
2322	2
71453	2
215893	2
230846	2
30917	2
17476	2
168795	2
242740	2
85869	2
64379	2
19611	2
20899	2
119797	2
206660	2
98595	2
90180	2
256860	2
53743	2
128060	2
225366	2
140000	2
100659	2
48539	2
10915	2
233947	2
212521	2
255492	2
52830	2
13404	2
111249	2
92317	2
37414	2
31305	2
91514	2
9607	2
181763	2
225433	2
175015	2
141048	2
188530	2
158187	2
71815	2
208138	2
149543	2
92421	2
67195	2
58417	2
41755	2
173403	2
63730	2
97735	2
69556	2
49227	2
15379	2
42892	2
184030	2
52332	2
29836	2
143574	2
152393	2
35845	2
244735	2
177241	2
239335	2
32469	2
62553	2
103091	2
228558	2
44686	2
208326	2
224998	2
226439	2
184327	2
13134	2
38515	2
35631	2
94210	2
20949	2
43248	2
9849	2
164036	2
231750	2
242826	2
154569	2
10836	2
42075	2
99840	2
91393	2
128732	2
22386	2
58403	2
91943	2
1798	2
125645	2
153479	2
129824	2
140545	2
149660	2
67928	2
54916	2
175807	2
130047	2
128989	2
78081	2
133090	2
22705	2
122954	2
103469	2
3057	2
231280	2
245377	2
108696	2
112804	2
193751	2
187125	2
118994	2
96118	2
252866	2
75466	2
138803	2
186996	2
22680	2
31133	2
124461	2
223237	2
181521	2
241972	2
40661	2
146336	2
12498	2
221388	2
199345	2
38644	2
161179	2
170064	2
21364	2
41522	2
21502	2
236154	2
104051	2
162612	2
31850	2
31267	2
138167	2
181173	2
31395	2
210348	2
200353	2
97770	2
173204	2
259770	2
172237	2
173538	2
179367	2
60879	2
160714	2
9793	2
226410	2
29205	2
95197	2
81786	2
22830	2
31548	2
194879	2
135908	2
75114	2
52822	2
225745	2
113616	2
212378	2
3745	2
187446	2
265080	2
197840	2
6138	2
33502	2
170210	2
83578	2
193736	2
218676	2
199639	2
146797	2
104378	2
86535	2
27974	2
97676	2
108037	2
43075	2
17303	2
246156	2
200082	2
219705	2
187676	2
146406	2
19883	2
248154	2
211423	2
3710	2
593	2
66630	2
37182	2
86286	2
196550	2
50530	2
44848	2
225786	2
55152	2
118578	2
197449	2
107179	2
881	2
110248	2
173268	2
32580	2
31859	2
144396	2
116176	2
2990	2
179091	2
100082	2
17668	2
157053	2
62087	2
192116	2
107526	2
177558	2
142848	2
74450	2
205402	2
54569	2
241604	2
214597	2
17652	2
242179	2
241694	2
87073	2
131960	2
162178	2
57597	2
31234	2
65987	2
8100	2
146061	2
252624	2
157039	2
6396	2
15867	2
166676	2
125029	2
236162	2
150450	2
15197	2
257815	2
113875	2
59905	2
127521	2
123884	2
182048	2
121881	2
6084	2
135090	2
135455	2
128393	2
154977	2
64326	2
202127	2
69210	2
115516	2
214214	2
126783	2
248431	2
15701	2
14652	2
45415	2
214666	2
23063	2
139547	2
207647	2
229795	2
122733	2
125819	2
24560	2
66092	2
42912	2
260761	2
17146	2
17760	2
12158	2
51367	2
124390	2
7992	2
147297	2
48814	2
130225	2
222697	2
166205	2
165163	2
158635	2
168206	2
44124	2
166882	2
81598	2
263789	2
143554	2
100012	2
169613	2
84848	2
28088	2
108415	2
50402	2
127249	2
16070	2
24212	2
51756	2
214659	2
5338	2
244582	2
212426	2
20640	2
211184	2
87615	2
3456	2
142663	2
37740	2
167955	2
78493	2
93456	2
190049	2
101815	2
164853	2
14239	2
155898	2
22118	2
230967	2
27655	2
147984	2
196183	2
234179	2
105350	2
108789	2
161756	2
201900	2
46492	2
61933	2
34027	2
240306	2
194131	2
246654	2
71842	2
50140	2
243003	2
126977	2
81210	2
189449	2
137172	2
243153	2
215732	2
222154	2
118102	2
79540	2
26366	2
79395	2
261296	2
191940	2
110922	2
17566	2
43041	2
67832	2
263232	2
98475	2
12153	2
45426	2
81898	2
216545	2
258583	2
152966	2
19481	2
264438	2
151983	2
137420	2
129202	2
86946	2
184829	2
75308	2
187752	2
106838	2
234294	2
74647	2
234989	2
210649	2
217449	2
253546	2
119167	2
156488	2
25541	2
128214	2
70835	2
31349	2
3553	2
21243	2
189189	2
47703	2
60306	2
235330	2
247612	2
78942	2
112294	2
31893	2
126350	2
208174	2
181486	2
261589	2
244089	2
205283	2
263859	2
79453	2
19284	2
18573	2
252102	2
18480	2
80501	2
67751	2
23989	2
163761	2
264247	2
169142	2
23342	2
64987	2
57344	2
263983	2
136691	2
152653	2
162429	2
169307	2
376	2
178041	2
57036	2
257501	2
58385	2
52223	2
38201	2
47090	2
179182	2
243801	2
141824	2
152631	2
260256	2
131942	2
31602	2
215329	2
132347	2
245582	2
100343	2
148660	2
109241	2
116540	2
242534	2
213604	2
51396	2
191603	2
138365	2
230402	2
119415	2
4037	2
110213	2
197684	2
265985	2
217879	2
231473	2
43263	2
87035	2
52576	2
214686	2
158407	2
111880	2
243235	2
43643	2
83675	2
133394	2
199241	2
19397	2
144413	2
65355	2
120140	2
250533	2
234127	2
19894	2
159368	2
97717	2
144077	2
155394	2
38814	2
6444	2
136804	2
21762	2
235824	2
254823	2
71834	2
65066	2
52374	2
260891	2
79502	2
47869	2
207658	2
179617	2
244018	2
54583	2
175158	2
15368	2
106743	2
8446	2
228190	2
164777	2
143505	2
118157	2
154427	2
235346	2
241881	2
177863	2
53807	2
120798	2
107519	2
32495	2
153567	2
83395	2
198536	2
2867	2
163762	2
240956	2
251895	2
56944	2
102568	2
99359	2
109039	2
54147	2
259035	2
196960	2
192022	2
99028	2
73838	2
84337	2
105415	2
19398	2
163780	2
260996	2
201994	2
122429	2
210743	2
61128	2
70897	2
256476	2
198210	2
116071	2
232121	2
175011	2
216091	2
105444	2
249299	2
178657	2
71743	2
108947	2
179867	2
143480	2
144014	2
3986	2
50077	2
59780	2
38863	2
3815	2
3339	2
38420	2
169994	2
80197	2
197370	2
33316	2
157379	2
3680	2
34725	2
132276	2
261433	2
195007	2
140743	2
90512	2
233487	2
187230	2
2604	2
117266	2
133622	2
10148	2
136085	2
70425	2
148268	2
175803	2
249601	2
246042	2
234297	2
143135	2
69143	2
118459	2
87660	2
45578	2
41069	2
59645	2
199170	2
250578	2
32529	2
160399	2
7889	2
53535	2
178340	2
1095	2
190608	2
221292	2
166397	2
106966	2
149033	2
244307	2
115566	2
67674	2
17393	2
85230	2
4465	2
266312	2
108868	2
31732	2
262198	2
242687	2
30742	2
48328	2
59496	2
53724	2
73137	2
30017	2
150293	2
121263	2
120725	2
202223	2
121916	2
17061	2
36818	2
151578	2
211142	2
36731	2
59414	2
45810	2
210468	2
148570	2
189386	2
66977	2
142751	2
50607	2
130197	2
180652	2
252087	2
70534	2
73790	2
135938	2
70707	2
237644	2
49338	2
109990	2
156673	2
147252	2
240640	2
189492	2
152897	2
151222	2
12589	2
40849	2
49419	2
164453	2
26392	2
218750	2
201841	2
125463	2
245030	2
100383	2
221478	2
125373	2
69690	2
179369	2
34945	2
85881	2
10443	2
108191	2
40357	2
52074	2
256708	2
180038	2
46872	2
85533	2
124571	2
121009	2
156900	2
198260	2
147512	2
2998	2
47108	2
103547	2
56937	2
126134	2
69681	2
2927	2
40669	2
16743	2
109185	2
233611	2
258277	2
222670	2
57573	2
221268	2
71574	2
265010	2
1453	2
206094	2
160945	2
129829	2
69311	2
11664	2
218286	2
22939	2
95875	2
265900	2
150931	2
58362	2
50337	2
143536	2
62632	2
13111	2
7395	2
252099	2
122806	2
24167	2
224047	2
165348	2
43579	2
61792	2
107117	2
264559	2
124979	2
176239	2
29166	2
220495	2
47917	2
51345	2
75696	2
176895	2
124228	2
163538	2
78492	2
116674	2
156518	2
6469	2
187211	2
13401	2
23051	2
14820	2
68303	2
65140	2
110964	2
10087	2
138899	2
28122	2
480	2
215448	2
9998	2
8344	2
110890	2
194915	2
50205	2
137941	2
139458	2
172518	2
220163	2
49576	1
206620	1
251734	1
90184	1
138529	1
4984	1
122581	1
209830	1
34958	1
65317	1
84172	1
14771	1
140161	1
47246	1
68335	1
221944	1
143508	1
42034	1
212112	1
212469	1
82546	1
54894	1
218525	1
97685	1
22903	1
129570	1
132690	1
215386	1
29659	1
167849	1
3698	1
231602	1
222086	1
56401	1
255481	1
168190	1
71537	1
47592	1
25452	1
98677	1
54932	1
3042	1
97919	1
35457	1
101135	1
119802	1
103988	1
44662	1
147282	1
26102	1
97681	1
58888	1
27813	1
70320	1
111242	1
172506	1
193724	1
263250	1
24761	1
244424	1
27805	1
129773	1
241310	1
66633	1
39071	1
237641	1
238390	1
184408	1
209630	1
132797	1
100005	1
201827	1
219045	1
193690	1
132295	1
71491	1
70409	1
152353	1
80138	1
63129	1
108967	1
256846	1
117581	1
65365	1
9847	1
204650	1
244565	1
12131	1
108707	1
142207	1
248055	1
126836	1
6983	1
18695	1
53025	1
46879	1
164597	1
179208	1
207602	1
63166	1
67354	1
181897	1
107464	1
199503	1
158342	1
78734	1
38610	1
90406	1
216489	1
146854	1
228464	1
201852	1
83322	1
141841	1
67079	1
18571	1
77935	1
221206	1
67052	1
49606	1
231191	1
44009	1
125570	1
72114	1
248443	1
87522	1
222450	1
127967	1
2049	1
20382	1
256926	1
259932	1
109200	1
237930	1
34712	1
2426	1
235401	1
96706	1
196109	1
231251	1
248247	1
8126	1
194028	1
176613	1
259709	1
38597	1
117070	1
114908	1
32219	1
185814	1
21493	1
199633	1
228356	1
108670	1
213168	1
111364	1
84188	1
114707	1
13125	1
40668	1
132476	1
65549	1
32006	1
104311	1
110235	1
257068	1
141855	1
12261	1
114937	1
50928	1
97689	1
212139	1
40069	1
244509	1
109197	1
252228	1
68546	1
22093	1
154811	1
245322	1
191652	1
63218	1
230969	1
189339	1
164551	1
227699	1
60848	1
186448	1
115143	1
26511	1
82499	1
225134	1
65885	1
21450	1
42081	1
197081	1
43617	1
120084	1
9830	1
53966	1
255421	1
205146	1
225042	1
234283	1
31601	1
16985	1
117439	1
8507	1
15945	1
117594	1
105341	1
127183	1
12861	1
224815	1
53083	1
260102	1
23974	1
115019	1
202035	1
94055	1
249403	1
102902	1
204775	1
77246	1
121034	1
73028	1
71117	1
65330	1
222638	1
59445	1
161892	1
121113	1
116037	1
137690	1
135839	1
47362	1
138749	1
48964	1
90998	1
31982	1
219303	1
166562	1
188425	1
29445	1
12972	1
54860	1
204341	1
112124	1
222206	1
110108	1
151284	1
162203	1
96749	1
67380	1
107890	1
28428	1
30750	1
127127	1
145671	1
66513	1
237847	1
154468	1
212679	1
189131	1
162736	1
78091	1
134132	1
68486	1
131198	1
161823	1
178895	1
198730	1
41997	1
160354	1
173213	1
199673	1
37938	1
18597	1
256531	1
131231	1
158593	1
178982	1
83659	1
46023	1
74236	1
160056	1
93111	1
222205	1
183844	1
44081	1
256694	1
264332	1
126775	1
246208	1
210713	1
172530	1
116323	1
218284	1
146924	1
94932	1
120356	1
26067	1
95933	1
249924	1
59447	1
5714	1
219236	1
15884	1
255424	1
28178	1
253506	1
177321	1
188982	1
81079	1
242681	1
46119	1
96962	1
229084	1
119928	1
86708	1
131010	1
55834	1
164289	1
129681	1
2181	1
251996	1
122573	1
146025	1
62092	1
159832	1
72412	1
28511	1
64168	1
191544	1
241423	1
94736	1
225288	1
97100	1
14692	1
117665	1
264962	1
1697	1
2655	1
199290	1
59567	1
210567	1
62178	1
259259	1
115220	1
152554	1
7805	1
188509	1
225604	1
154679	1
27363	1
27993	1
145422	1
141821	1
47717	1
49632	1
87693	1
94282	1
209964	1
95623	1
118338	1
133759	1
13129	1
85772	1
54918	1
193409	1
48473	1
22010	1
13202	1
26076	1
248470	1
29127	1
264453	1
242059	1
116018	1
43329	1
196538	1
260422	1
260922	1
7561	1
120461	1
84263	1
22175	1
134065	1
61107	1
248580	1
74414	1
201948	1
177435	1
248600	1
7961	1
264103	1
108667	1
251788	1
51881	1
44717	1
113586	1
150497	1
84010	1
159997	1
238873	1
8945	1
210223	1
43618	1
115885	1
110210	1
140543	1
238424	1
128781	1
39797	1
13834	1
15511	1
234411	1
117369	1
17332	1
177774	1
121601	1
43889	1
221344	1
242707	1
205301	1
52147	1
245897	1
40084	1
196512	1
210658	1
32144	1
7920	1
261050	1
53276	1
194820	1
229321	1
112663	1
224596	1
148758	1
50813	1
46239	1
70944	1
96724	1
118420	1
238160	1
7155	1
87986	1
236123	1
245382	1
174213	1
201301	1
170027	1
137414	1
30977	1
190940	1
59819	1
73921	1
11750	1
53272	1
151583	1
138909	1
54167	1
260457	1
83442	1
176	1
252892	1
222825	1
62418	1
246181	1
42029	1
61035	1
26212	1
139009	1
44364	1
29108	1
189799	1
51243	1
253633	1
70449	1
228680	1
124410	1
4384	1
16800	1
193921	1
104320	1
199046	1
20148	1
165843	1
214076	1
134224	1
219117	1
61852	1
94826	1
226040	1
59459	1
52017	1
34901	1
216819	1
65609	1
180165	1
263146	1
45859	1
182745	1
139183	1
198776	1
88892	1
253906	1
61456	1
149487	1
137296	1
107019	1
148052	1
45448	1
104205	1
44265	1
114910	1
51390	1
43474	1
154563	1
242228	1
37076	1
159852	1
104366	1
160624	1
23402	1
69559	1
176616	1
50075	1
19646	1
112199	1
173582	1
175597	1
8784	1
239813	1
86720	1
60906	1
42497	1
104669	1
255543	1
44145	1
134878	1
125730	1
77453	1
195041	1
61334	1
100806	1
213047	1
85102	1
55995	1
56165	1
207833	1
86296	1
197004	1
28727	1
7813	1
197101	1
97218	1
15048	1
235074	1
114898	1
238981	1
252404	1
204909	1
135733	1
187194	1
50398	1
210732	1
88369	1
133875	1
104852	1
190950	1
82112	1
59932	1
261055	1
107062	1
265728	1
168735	1
33956	1
58378	1
230798	1
240844	1
141819	1
180495	1
115489	1
167331	1
66597	1
45344	1
252533	1
55638	1
207567	1
48975	1
65010	1
128432	1
252403	1
254285	1
137929	1
15790	1
176694	1
212573	1
104855	1
65648	1
93113	1
95139	1
155142	1
33230	1
44751	1
204781	1
204804	1
176932	1
82640	1
68953	1
1755	1
126805	1
1338	1
71892	1
54050	1
55051	1
63875	1
135892	1
25011	1
157269	1
57199	1
195994	1
74668	1
95138	1
18260	1
216876	1
221746	1
144534	1
31620	1
137594	1
109801	1
142522	1
239021	1
3244	1
16786	1
123301	1
50413	1
113963	1
56294	1
98699	1
102447	1
168215	1
38122	1
64826	1
207812	1
142326	1
155062	1
250436	1
86934	1
228404	1
48162	1
34754	1
169063	1
52880	1
185732	1
11291	1
61471	1
39745	1
155001	1
199482	1
136259	1
73585	1
24617	1
256181	1
70225	1
120635	1
1719	1
223101	1
161205	1
172473	1
193910	1
27393	1
212794	1
102066	1
102243	1
98291	1
64748	1
249941	1
200539	1
152620	1
41428	1
75491	1
179193	1
27005	1
190765	1
64431	1
125296	1
173667	1
131545	1
3020	1
244626	1
188570	1
40958	1
232069	1
121460	1
232273	1
4863	1
6701	1
97644	1
200557	1
110000	1
216419	1
132704	1
63449	1
259244	1
26884	1
251757	1
45147	1
35552	1
82129	1
262004	1
65497	1
86975	1
144701	1
93040	1
108729	1
196684	1
51749	1
261378	1
235956	1
1740	1
94718	1
168606	1
80722	1
182774	1
5258	1
196539	1
253136	1
221352	1
179709	1
241858	1
43499	1
150899	1
112400	1
105308	1
87516	1
98934	1
148785	1
62447	1
26595	1
230762	1
123862	1
110432	1
128124	1
16404	1
16518	1
235492	1
88509	1
10356	1
139573	1
10779	1
30862	1
83347	1
252635	1
205548	1
54465	1
215310	1
54493	1
227805	1
19281	1
182251	1
15341	1
11836	1
124475	1
8380	1
26906	1
65538	1
83790	1
177651	1
217046	1
151532	1
142571	1
23355	1
73764	1
123295	1
97978	1
189347	1
151296	1
205619	1
169499	1
262030	1
7018	1
66556	1
18879	1
174947	1
33247	1
137968	1
27353	1
156741	1
180272	1
60040	1
12347	1
86799	1
106806	1
191819	1
215711	1
214653	1
53044	1
59790	1
18486	1
175126	1
220324	1
17594	1
99086	1
40642	1
177752	1
173146	1
181812	1
124546	1
219823	1
210472	1
152472	1
126540	1
194155	1
214509	1
9042	1
232324	1
148058	1
90055	1
219256	1
245424	1
4180	1
130533	1
189470	1
124833	1
21875	1
142121	1
86827	1
132667	1
55209	1
196095	1
74877	1
61224	1
35540	1
93884	1
158620	1
55972	1
197783	1
163709	1
169338	1
72965	1
185121	1
154686	1
177284	1
152675	1
188717	1
157062	1
4205	1
221888	1
126930	1
211678	1
142202	1
92225	1
34522	1
263912	1
216268	1
115411	1
47207	1
157272	1
168503	1
118271	1
134199	1
179458	1
13905	1
170940	1
95751	1
47209	1
19529	1
3250	1
37218	1
224501	1
228033	1
53492	1
219209	1
178832	1
194128	1
196045	1
15385	1
172769	1
137454	1
87464	1
62169	1
71109	1
17232	1
150091	1
152945	1
165848	1
185929	1
59076	1
68767	1
230060	1
235748	1
129439	1
128757	1
116339	1
234822	1
105720	1
76037	1
228836	1
252616	1
93813	1
150454	1
232463	1
202460	1
26058	1
204035	1
119847	1
126028	1
67902	1
216199	1
211638	1
107068	1
35667	1
18961	1
107441	1
131524	1
46696	1
92661	1
96912	1
233382	1
245522	1
266220	1
161839	1
166657	1
69584	1
152594	1
204127	1
93237	1
209475	1
106893	1
59756	1
253056	1
45422	1
96237	1
45409	1
100840	1
141858	1
165124	1
52676	1
202605	1
183831	1
36142	1
252914	1
54532	1
184036	1
146375	1
91366	1
65434	1
17752	1
237721	1
142472	1
71478	1
94790	1
162827	1
79383	1
256224	1
15050	1
40731	1
258544	1
172298	1
126544	1
231617	1
34234	1
38167	1
194711	1
252784	1
213574	1
102585	1
206599	1
125976	1
186621	1
156917	1
159177	1
254590	1
93395	1
128009	1
141249	1
61523	1
77603	1
199554	1
226222	1
9208	1
219291	1
6855	1
179456	1
117815	1
99983	1
199262	1
254269	1
55132	1
254002	1
98145	1
102075	1
50627	1
99525	1
98240	1
200136	1
88775	1
57079	1
212696	1
100483	1
144402	1
253538	1
63015	1
240253	1
82062	1
14882	1
171007	1
253304	1
25583	1
20048	1
90434	1
63081	1
52227	1
90274	1
111887	1
250848	1
156424	1
221679	1
179357	1
59825	1
159436	1
236011	1
142205	1
152537	1
195216	1
193960	1
198534	1
104970	1
202015	1
179459	1
223855	1
33426	1
239945	1
163824	1
111791	1
143577	1
214144	1
75655	1
116211	1
231663	1
230857	1
258746	1
50169	1
160667	1
248164	1
92408	1
188172	1
15041	1
134110	1
12902	1
138517	1
98940	1
90559	1
13480	1
136343	1
89990	1
249193	1
208126	1
166035	1
170962	1
148772	1
166126	1
244545	1
112677	1
111358	1
88483	1
132444	1
141001	1
165142	1
147111	1
196387	1
205904	1
61977	1
178285	1
20280	1
246260	1
154774	1
44640	1
130824	1
177781	1
201956	1
164334	1
134546	1
65195	1
203939	1
114574	1
175988	1
75981	1
185	1
117530	1
132826	1
96240	1
253236	1
113914	1
59053	1
32078	1
21336	1
229388	1
95854	1
144800	1
223990	1
162441	1
80309	1
151879	1
223012	1
264137	1
63068	1
192180	1
37776	1
215860	1
215874	1
185988	1
7419	1
56048	1
232073	1
244599	1
799	1
115414	1
6709	1
159841	1
87007	1
117891	1
67004	1
178448	1
246150	1
434	1
124355	1
16320	1
257941	1
27370	1
99006	1
206286	1
127854	1
219589	1
167373	1
201865	1
23494	1
15293	1
147950	1
139351	1
170849	1
10137	1
162390	1
11164	1
49400	1
117164	1
175717	1
192261	1
13292	1
51901	1
112164	1
89076	1
236863	1
106226	1
173157	1
107638	1
196046	1
80770	1
64573	1
99701	1
79230	1
156508	1
167226	1
909	1
71461	1
256642	1
136642	1
106823	1
137490	1
125061	1
73886	1
108484	1
23806	1
66606	1
145393	1
12570	1
163588	1
163338	1
6843	1
15642	1
272	1
164598	1
249760	1
210421	1
3619	1
16382	1
182139	1
6125	1
217413	1
154426	1
265018	1
158767	1
242040	1
72073	1
60100	1
183472	1
164226	1
203809	1
174028	1
175215	1
169997	1
44897	1
112182	1
80563	1
95034	1
16487	1
55907	1
249273	1
3405	1
115029	1
62410	1
11433	1
122187	1
169091	1
212732	1
162149	1
233470	1
199484	1
92867	1
229990	1
107268	1
167926	1
40710	1
208405	1
40744	1
88480	1
93956	1
114461	1
244783	1
22995	1
62488	1
234114	1
178113	1
59127	1
147635	1
138558	1
175208	1
171560	1
71440	1
100214	1
176568	1
205021	1
156359	1
221226	1
16502	1
81071	1
88511	1
104440	1
180876	1
151648	1
68743	1
118927	1
3879	1
248159	1
161382	1
29283	1
229215	1
81191	1
178915	1
216603	1
240299	1
41003	1
233051	1
8944	1
37714	1
231298	1
114519	1
157403	1
15707	1
1768	1
48129	1
104421	1
128704	1
27827	1
80852	1
62193	1
27607	1
263183	1
266597	1
237855	1
89293	1
108735	1
8379	1
219641	1
185305	1
39103	1
227736	1
19909	1
171434	1
125859	1
45161	1
154779	1
107167	1
159110	1
221661	1
117477	1
38639	1
206949	1
151878	1
132645	1
195610	1
90616	1
72181	1
19921	1
166010	1
153941	1
45170	1
127696	1
96078	1
88891	1
65726	1
101395	1
222553	1
159448	1
203529	1
213406	1
237009	1
231140	1
37068	1
51964	1
238973	1
205575	1
108658	1
133646	1
195063	1
14052	1
249176	1
104363	1
24543	1
8989	1
243323	1
66156	1
176078	1
123139	1
12626	1
83371	1
148733	1
204915	1
259786	1
86024	1
120276	1
263570	1
127941	1
165154	1
138654	1
213650	1
21363	1
97118	1
24803	1
41505	1
135884	1
261696	1
142260	1
193479	1
151830	1
42299	1
78697	1
181123	1
132519	1
6520	1
162664	1
169126	1
134834	1
168026	1
136705	1
191979	1
106776	1
96566	1
87244	1
166175	1
51431	1
51250	1
144751	1
118607	1
46194	1
76229	1
25177	1
77485	1
56644	1
6397	1
235378	1
157014	1
150809	1
53119	1
241615	1
32586	1
87835	1
85947	1
125163	1
175600	1
165630	1
80583	1
217405	1
106338	1
18371	1
163792	1
113346	1
112094	1
230925	1
131312	1
157415	1
38528	1
117945	1
12488	1
74721	1
4187	1
135981	1
92081	1
203288	1
127929	1
87588	1
150946	1
210833	1
160932	1
139210	1
97864	1
44921	1
170660	1
118196	1
48890	1
31469	1
45331	1
103987	1
207410	1
31729	1
66781	1
32119	1
205717	1
179769	1
157538	1
229475	1
6572	1
213302	1
168355	1
205605	1
151336	1
257460	1
203504	1
65082	1
14694	1
77658	1
159289	1
80107	1
256233	1
1546	1
247529	1
151949	1
92289	1
187921	1
73093	1
8027	1
144839	1
74284	1
42471	1
53798	1
216647	1
5898	1
249887	1
13657	1
140825	1
144407	1
106389	1
261237	1
258749	1
248081	1
46490	1
261559	1
228908	1
64227	1
226973	1
55126	1
118312	1
36156	1
54241	1
7862	1
223035	1
165994	1
140833	1
116427	1
56731	1
212381	1
183119	1
163055	1
135816	1
124748	1
72420	1
126327	1
260957	1
146145	1
197778	1
36940	1
80775	1
46610	1
29965	1
231764	1
20584	1
62340	1
206890	1
2650	1
117576	1
231428	1
233716	1
17042	1
32997	1
182004	1
256192	1
131832	1
2708	1
105158	1
258475	1
60756	1
55459	1
108833	1
196913	1
14733	1
95664	1
69342	1
194703	1
36928	1
35067	1
198201	1
166960	1
233386	1
210099	1
1887	1
124425	1
260670	1
9586	1
112095	1
24300	1
152084	1
259945	1
192553	1
139601	1
106269	1
132351	1
43661	1
172660	1
118709	1
260296	1
13555	1
120201	1
146992	1
140395	1
55118	1
62437	1
205210	1
247738	1
84089	1
66580	1
1499	1
240255	1
248338	1
229532	1
143657	1
211297	1
191610	1
84067	1
111755	1
134632	1
233327	1
35275	1
216614	1
10421	1
233771	1
3573	1
80281	1
67443	1
157276	1
196121	1
19177	1
41284	1
154562	1
161309	1
110073	1
28892	1
1579	1
117882	1
33827	1
235150	1
222660	1
61756	1
30394	1
32125	1
240556	1
158296	1
172581	1
156851	1
253609	1
224009	1
38155	1
39547	1
68931	1
230675	1
139182	1
255512	1
42762	1
157371	1
6361	1
19693	1
37562	1
106522	1
112985	1
96001	1
37199	1
205986	1
53477	1
92804	1
142580	1
94535	1
190557	1
193939	1
219028	1
217424	1
73616	1
169230	1
125469	1
202431	1
32614	1
141402	1
244384	1
239348	1
246141	1
159143	1
156016	1
131716	1
39336	1
116485	1
95230	1
152864	1
157486	1
73849	1
6121	1
141409	1
196896	1
48163	1
231545	1
103112	1
65738	1
46037	1
94607	1
13906	1
194899	1
95520	1
53187	1
43307	1
44906	1
144632	1
178852	1
114130	1
54487	1
40492	1
9237	1
25851	1
136314	1
78020	1
42714	1
170305	1
21107	1
142901	1
27162	1
134727	1
23114	1
134076	1
212569	1
219804	1
63710	1
65773	1
28305	1
110567	1
156115	1
248250	1
162485	1
29508	1
182023	1
20603	1
256686	1
260396	1
72923	1
91027	1
225999	1
248248	1
60390	1
61550	1
218791	1
100795	1
241180	1
131658	1
78102	1
126607	1
205339	1
251962	1
135693	1
124689	1
212228	1
170777	1
100776	1
157963	1
95073	1
110314	1
246219	1
170779	1
207225	1
97742	1
75824	1
9104	1
14324	1
98507	1
36358	1
16966	1
146775	1
14541	1
219612	1
214176	1
228724	1
48618	1
33239	1
88685	1
239302	1
168962	1
211488	1
7843	1
222122	1
229266	1
41065	1
24217	1
37696	1
100838	1
199430	1
108630	1
24616	1
6061	1
175919	1
53250	1
5424	1
202631	1
51118	1
171733	1
183556	1
177648	1
77796	1
136365	1
55763	1
20940	1
59973	1
208494	1
153107	1
166434	1
31939	1
164008	1
51905	1
167591	1
104130	1
133832	1
250699	1
103280	1
137406	1
85181	1
224403	1
