73
848
377
143
322
16
248
221
2391
4029
4239
1304
2400
4402
3785
126
2126
296
467
2862
5287
412
2371
9446
30892
22080
2736
24939
13358
310
37378
3842
16073
800
34497
29055
984
6342
1256
23519
11135
7532
23237
4400
9111
20504
30288
23222
1470
4041
2746
1997
4678
14144
10071
39863
4860
957
5948
53428
19386
10194
3855
24864
16550
11431
20159
2317
23686
58552
28039
30666
49777
1054
38520
13904
31380
8173
24144
20682
11063
4047
9234
4865
44677
16524
5354
2978
36819
13554
4978
8568
13591
11195
20633
63554
33690
2770
912
25812
16460
56351
18045
40774
18823
31672
48148
2768
45086
56776
41640
77124
1035
67789
47349
67265
12830
31561
12304
16273
8273
84093
26826
11922
8796
29651
437
12443
24999
15681
15783
108848
1164
24045
9318
50623
2252
3797
7050
31623
55371
6305
7541
60596
7179
16809
8029
41798
29903
4215
19071
94860
37170
59403
52438
11546
22458
29031
42943
12482
30328
38133
51792
34282
63847
37184
15098
122186
28120
14106
19503
23679
41716
69290
55151
46639
4989
48933
25478
16581
64513
171186
42025
44010
22156
4667
17641
26471
13869
55363
77211
3349
22906
46019
50817
47967
31086
86171
15259
14355
28443
75866
7659
44805
80609
24008
10032
105636
16892
19626
8849
60853
48815
78157
106370
44557
122631
19044
2877
60087
33557
47153
58006
14388
81858
41936
64258
41534
98846
39191
165989
45032
43391
50740
51305
117088
31452
1865
75687
48739
53035
49530
70277
22634
37970
25462
99087
75575
74138
74407
63113
10748
75820
4876
72791
63023
109825
46509
52170
157991
25181
121116
74568
77805
102439
91183
54926
35789
78571
1410
20385
121213
28416
69904
37715
87944
27201
46185
78426
64150
180802
76462
113460
13322
125208
118368
63360
36060
354
16510
26131
100835
11915
54295
86707
51236
27236
67708
39182
91194
57025
23888
68331
4441
79003
93919
80219
62004
114154
179347
24592
107741
28084
95058
4687
91238
204008
70870
41692
147802
55191
36723
72738
17702
22320
98151
6791
118435
13409
8139
174870
35300
155178
2941
21942
10351
131069
74792
117800
34229
210
154420
118864
101296
39028
85101
12764
7973
64349
85698
121218
16045
78704
40775
37636
127046
44271
19441
89399
96344
71476
62621
18277
79052
18246
95885
106936
47780
209891
10337
86901
87305
164832
45019
50042
78501
6845
62656
99819
11160
37841
74283
46593
6909
185935
80605
203821
117085
53042
150369
118049
129909
172431
59347
44382
39997
32945
23632
52761
252556
108393
44304
211548
69723
61491
238389
31525
53505
124620
140390
84027
39625
78074
121554
134508
3199
5221
150528
12517
95044
118605
170161
33177
2228
56896
72908
53601
16621
41081
107485
113936
23992
5511
190717
121338
72391
3172
197208
24525
57517
56681
179236
145144
246546
138603
224644
48263
74111
20528
144278
76165
170494
145197
157048
19671
160601
47580
289
37295
19031
38532
85783
90634
29462
81706
34315
134588
135827
208110
42300
83628
3606
221402
55918
192258
140609
150427
137248
98121
80836
136436
119018
53918
176906
213450
78848
156937
44035
101860
61138
54169
27976
100788
59931
56295
193368
26711
70501
34492
36271
98033
95766
76266
219410
104774
163814
13081
40460
165003
23635
114855
34305
78498
53624
63938
85731
1011
2135
111894
14847
27989
178368
196036
94934
154566
35841
202218
231612
47626
122764
42375
32094
137464
66263
84885
94114
44312
7177
29748
88495
26730
132329
85007
13115
102900
3361
82433
40994
96216
10521
1623
31581
7751
64278
253761
119692
77081
114754
80154
47295
181371
98776
123717
18624
10665
223574
98887
98104
5427
147570
15439
121067
49984
82417
125515
108021
4119
71167
150541
22809
216053
88356
62076
7076
132593
31004
196565
19787
175338
77191
56334
225576
43495
105413
58923
146995
132877
119916
240909
92882
198613
30163
105592
112098
170694
51533
33013
103495
162161
90135
18402
252664
231218
119660
6067
109603
207789
127737
33397
160998
89315
89325
17745
140817
184726
19370
72795
82921
200194
126928
12934
145438
3955
99041
1772
137920
93289
189330
188274
53214
56325
18739
132499
215871
59831
126196
125255
111692
111347
193935
9165
85251
84995
128959
213700
22620
45166
53467
43166
47227
57570
89442
215706
55088
182965
76631
176132
163215
27362
3544
107530
38934
51288
238886
57286
134591
163304
49930
2967
178865
123259
67113
17272
140757
56030
84064
16135
40776
179335
70511
188471
78184
184060
103741
195938
205748
143564
102166
18633
61928
69692
80292
139680
79653
61084
112206
70484
107315
82310
90419
12872
122487
130642
166153
100989
164312
90754
168398
69328
34376
91257
14948
4000
32621
166784
18563
208037
76820
141066
87863
177434
199386
252729
219530
69222
114043
17593
90629
100822
150435
78564
132372
179441
40055
210119
263258
63022
14922
50828
112947
16746
128235
135491
82056
126794
105198
104443
123439
221876
238510
211862
222806
158973
243596
51697
63734
128968
31511
33298
32629
156352
238460
101905
256183
86879
79241
97906
121168
148024
126532
23956
64051
156721
150957
94912
24615
115810
176806
50117
48380
86422
104983
178435
94569
62654
59342
259878
135852
38921
232329
92890
45021
117522
128076
51280
34402
164768
202455
41416
134846
145185
67874
97359
234163
24323
6541
6565
261274
235954
146894
133157
81882
164172
159969
121082
18252
123556
95750
110150
145229
106573
204187
34530
163839
77773
108262
86536
175340
157878
41964
72632
200522
107135
176562
227594
210599
186055
30378
83280
209590
121908
221896
240049
48070
168228
210835
95096
131923
13826
20331
194869
91936
199731
130068
221167
122205
102422
171108
96121
46106
100781
174465
188703
108728
175370
28298
205383
238028
134992
60490
125956
174407
7087
121270
101414
100081
78766
173339
162892
119932
153359
156452
260238
97082
253993
115263
147028
218177
21051
181170
91049
139174
94183
97286
99784
245950
85890
59382
76143
107935
83156
224795
109216
155118
122331
142319
89526
207683
257357
95427
174198
115846
65349
159845
121211
2234
72427
40405
8127
133026
171635
78162
234595
72021
14852
123037
98159
182818
164870
16143
246617
241598
180961
99934
17488
2062
236301
164571
207520
34837
28891
259818
4774
24118
195117
101306
128238
184543
72947
198313
245692
67190
218184
141897
193721
232144
104049
169220
165259
157041
178015
210529
232929
250047
264807
118349
65124
31536
212442
22608
149607
123153
8066
224175
25961
574
82282
257124
59018
200811
207522
221847
111152
19522
202612
138849
174017
66005
142749
83819
21990
215286
162184
45424
41759
256639
244922
34662
82742
206604
171433
12763
227953
195236
254976
266112
264394
20509
74343
228249
220176
89624
179870
142756
125953
174879
265005
150430
235091
183893
159705
178914
100246
75507
245177
213352
156521
173022
107292
57358
257358
44483
245136
168665
66067
129438
223095
18473
154286
237691
254874
170166
104441
13598
101081
67281
147520
182016
255497
67694
204737
185934
166609
54189
181822
174532
212858
64208
208888
136174
204095
118400
233489
18733
28903
191885
222321
157242
116092
188354
17397
102137
1495
221735
104055
142283
155730
241179
234374
68967
235656
88844
255445
90256
166668
220219
120395
135822
114600
31758
174642
115688
55138
75364
89690
105512
65412
218768
29140
152374
256854
82754
169071
49801
181228
60881
141764
216483
127226
192026
197056
123988
256220
109337
13323
182327
186395
221362
67468
230506
68427
184880
192251
160757
226045
71992
209574
105124
196302
13269
192111
96788
256717
246778
263321
181559
173087
192119
83674
162311
88752
149620
234307
245966
38263
77196
888
255377
134535
5307
112117
60831
249420
251944
201901
232592
10486
33591
222998
89122
245690
148889
3559
57107
170921
122278
79585
37802
110087
49607
166540
83083
120589
262147
116605
145816
12390
89865
166855
111406
1014
60380
107384
157394
174351
58434
171248
83197
76341
164968
209842
41779
53658
30313
221305
156649
261005
217223
191904
193511
256620
122134
92735
120026
144520
72289
168629
85219
260177
37027
196319
125516
120671
140551
264523
70438
128967
143888
147549
255602
38935
203272
149766
96539
30794
132207
248210
152473
10672
142771
134902
42793
226049
205172
207931
249825
24468
19690
63277
186027
238919
245985
219221
238494
8025
249329
175962
149309
212595
246565
105493
245883
81193
77520
125172
174534
213330
33914
263427
1402
240920
126525
39397
21033
189683
253482
220461
164055
165956
3154
106250
162738
24109
197228
149290
9860
47727
28002
76783
121753
228596
18034
264102
87514
13173
193901
20526
56817
194504
48098
65679
75686
234251
206293
26489
72276
140557
261186
42177
142250
229026
117968
28914
108510
61595
51349
192131
38114
192172
205595
41091
2504
114003
265946
265707
243925
104833
171923
129326
139145
197980
21418
204298
64335
36853
162054
244491
259148
122431
255839
148499
50041
38192
109775
249134
216140
218744
35446
183486
65506
39404
156078
57732
236076
191064
74946
210577
149528
224441
3307
201430
118944
77808
84069
25572
86902
179388
104079
166127
205526
86092
52185
213980
96714
3524
46405
144270
264637
151852
19030
237604
156472
130907
61750
110989
188359
103458
90501
90216
12608
58421
250710
133948
150355
230552
248418
16222
213103
148118
79065
32251
99727
77334
89811
141950
96152
82985
130136
41323
12109
242495
263879
166789
8780
212484
224842
26147
162282
197870
125224
195402
182072
92407
257654
80103
202495
25178
80240
154193
154135
73526
158592
105475
197408
26006
85717
157944
120093
186656
78479
134059
63284
6147
80646
91098
228676
259687
87991
19579
33443
203085
218285
14187
176201
124075
202129
75704
174478
196854
266204
204615
205351
101275
166303
109286
20856
30543
219404
233512
186796
10957
21292
110626
79974
264888
101029
74605
48415
172443
99693
140638
50643
110957
36129
116439
73878
60830
111935
220915
53390
212899
65914
194861
241640
172886
152304
106453
70461
93224
13547
92897
149617
122793
196661
61108
234818
115870
203457
55180
116260
86929
141969
148763
13764
75741
140431
253264
140900
93620
13131
214796
98734
173192
201693
106404
69808
133548
254574
2390
89773
39037
195027
19261
154961
53989
76811
77891
72423
176875
266683
87480
220359
42027
163330
90407
126363
45284
9581
86739
52987
218421
145604
217837
201357
199614
105568
227689
147391
109573
113421
212913
231755
71134
203757
109609
101196
144227
11655
117356
27760
234049
216264
150926
115048
142110
162809
119033
209888
191217
248637
156552
155770
128194
171109
147717
89905
25593
117078
104081
74228
160042
197116
61979
105225
68106
73775
113557
195121
58515
65695
238295
93959
90005
91420
58912
68446
3260
229001
248000
112416
194150
8490
123172
234298
202453
4264
5845
249015
179429
95782
193663
202028
231043
138623
198649
41607
86730
258051
8253
190754
237516
27098
84059
105361
195623
139083
238369
197727
57367
112941
239984
164225
201230
128939
199195
54415
253599
92394
103700
153836
110334
14139
210546
225593
235239
173219
50570
199577
202519
181433
128591
136131
166689
207891
172258
172138
97704
177649
69071
88976
157990
43668
114740
225189
71426
49649
211016
174983
36409
130036
191115
48638
117331
180238
140146
152322
33780
177466
215458
34987
201784
48575
86754
138926
67085
110636
5358
907
73636
179397
16288
135910
237476
31774
121464
107428
147131
171577
156033
225670
266091
25014
226221
191599
32825
54172
232957
201311
208202
248072
205931
85692
251770
141300
189223
36653
255389
143019
8464
27038
156235
195375
139277
231609
47167
14680
154310
194276
185841
3985
36087
229640
240964
46216
244730
170699
220493
46324
87051
107828
140074
257942
186243
234135
41738
186949
210217
161755
127220
55210
174670
23880
213640
124238
144834
133023
77397
239089
246054
48954
156213
245598
81557
89652
124671
61130
117969
215409
241433
217913
50849
68453
29890
150050
188256
205344
247278
37305
151188
54180
210825
47812
172137
10887
237442
179752
256587
153338
184653
52788
138227
236643
67045
70554
198384
165359
63073
202237
153382
82883
100253
194637
14174
155279
118938
213576
179676
191669
211221
170877
99511
41160
40340
87016
1988
87912
95038
79510
683
6509
81913
27877
236869
165425
42910
122029
153346
244732
46391
209386
257420
59856
146774
263575
176370
151
169014
222303
150406
246876
22975
243225
78593
6601
175856
94759
106609
187922
188795
263249
154158
252814
199541
256712
239290
131467
146087
115804
200021
140950
56573
260729
90632
1929
213336
3209
150491
55249
212882
48792
138678
111541
110425
14502
202475
124258
38585
183033
25808
170372
260766
99113
166559
250880
204520
1326
162212
62409
135418
10530
199279
117018
72463
248440
51677
264306
169979
223128
80339
158958
141931
99937
161989
232813
3671
47402
98971
65359
27836
213607
194559
32345
143069
114613
191607
174313
71720
211555
110310
55462
117080
170948
242313
206121
49386
255636
158618
126674
5276
3519
262328
45037
201191
170058
99188
73096
101864
241828
206211
7035
19914
71781
45950
82055
135576
207836
91021
118695
249567
31165
61854
7667
160621
54464
229448
225420
153883
245909
105544
208000
29467
242773
239425
125637
155914
232448
93283
55120
225447
142258
241341
47826
108010
119623
237665
240807
174836
170401
10585
7669
111241
119723
81821
207010
6624
132949
76342
93647
8876
158687
