Saved user [C x 168] matrices and category labels (Top 20 by user check-in counts).
First user: 16
First three rows of the matrix (shape (20, 168)):
[[0.         0.         0.00186567 0.00186567 0.         0.
  0.         0.00186567 0.         0.01119403 0.00373134 0.00186567
  0.00186567 0.         0.00186567 0.         0.         0.
  0.         0.         0.         0.         0.         0.
  0.         0.         0.         0.         0.         0.
  0.         0.         0.         0.01865672 0.00746269 0.
  0.00186567 0.00186567 0.         0.         0.         0.
  0.         0.         0.         0.         0.         0.
  0.         0.         0.         0.         0.         0.
  0.00186567 0.         0.         0.0130597  0.00932836 0.00186567
  0.         0.00746269 0.         0.         0.         0.
  0.         0.         0.         0.         0.         0.
  0.         0.         0.         0.         0.         0.00186567
  0.         0.         0.00186567 0.01119403 0.00932836 0.00373134
  0.00559701 0.         0.00186567 0.         0.         0.
  0.         0.         0.         0.         0.         0.
  0.         0.         0.         0.         0.         0.
  0.         0.         0.         0.01119403 0.01119403 0.00746269
  0.00186567 0.00559701 0.00186567 0.00186567 0.         0.
  0.         0.         0.         0.         0.         0.
  0.         0.         0.00186567 0.         0.00186567 0.00373134
  0.00373134 0.00186567 0.00373134 0.00373134 0.00746269 0.00932836
  0.00186567 0.00373134 0.         0.00186567 0.         0.
  0.         0.         0.         0.         0.         0.
  0.         0.00186567 0.         0.00186567 0.00373134 0.
  0.00373134 0.         0.         0.         0.00186567 0.
  0.         0.00186567 0.         0.         0.         0.
  0.         0.         0.         0.         0.         0.        ]
 [0.         0.         0.         0.         0.         0.
  0.         0.         0.         0.         0.         0.
  0.         0.         0.         0.         0.         0.
  0.         0.         0.         0.         0.         0.
  0.         0.         0.         0.         0.         0.00186567
  0.         0.         0.         0.         0.         0.
  0.         0.         0.         0.         0.         0.
  0.         0.         0.         0.         0.         0.
  0.         0.         0.         0.         0.         0.00186567
  0.         0.         0.         0.00186567 0.         0.
  0.         0.         0.         0.         0.         0.
  0.         0.         0.         0.         0.         0.
  0.         0.         0.         0.         0.         0.
  0.00186567 0.         0.         0.         0.         0.
  0.         0.00186567 0.         0.         0.         0.
  0.         0.         0.         0.         0.         0.
  0.         0.         0.         0.         0.         0.
  0.         0.         0.         0.00186567 0.00373134 0.
  0.         0.         0.00186567 0.         0.         0.
  0.         0.         0.         0.         0.         0.
  0.         0.         0.         0.         0.         0.
  0.         0.         0.         0.         0.         0.00186567
  0.         0.         0.         0.         0.         0.
  0.         0.         0.         0.         0.         0.
  0.         0.         0.         0.         0.         0.
  0.         0.         0.00186567 0.         0.         0.
  0.         0.         0.         0.         0.         0.
  0.         0.         0.         0.         0.         0.        ]
 [0.         0.         0.         0.         0.         0.
  0.         0.         0.         0.         0.00186567 0.
  0.         0.         0.         0.         0.         0.
  0.         0.         0.         0.         0.         0.
  0.         0.         0.         0.         0.         0.
  0.         0.         0.         0.         0.00186567 0.
  0.         0.         0.         0.         0.         0.
  0.         0.         0.         0.         0.         0.
  0.         0.         0.         0.         0.         0.
  0.         0.         0.         0.         0.         0.
  0.         0.         0.         0.         0.         0.
  0.         0.         0.         0.         0.         0.
  0.         0.         0.         0.         0.         0.
  0.         0.         0.         0.         0.00373134 0.
  0.         0.         0.         0.         0.         0.
  0.         0.         0.         0.         0.         0.
  0.         0.         0.         0.         0.         0.
  0.         0.         0.         0.         0.00186567 0.
  0.         0.         0.         0.         0.         0.
  0.         0.         0.         0.         0.         0.
  0.         0.         0.         0.         0.         0.
  0.         0.         0.         0.         0.         0.
  0.         0.         0.         0.         0.         0.
  0.         0.         0.         0.         0.         0.
  0.         0.         0.         0.         0.         0.
  0.         0.         0.         0.         0.         0.
  0.         0.         0.         0.         0.         0.
  0.         0.         0.         0.         0.         0.        ]]
Number of users in matrix: 2000
Shape of each user matrix: (20, 168)